file	line_no	pb
001.md	3	KR4e0244_WYG_000-1a
001.md	11	KR4e0244_WYG_000-1b
001.md	19	KR4e0244_WYG_000-2a
001.md	27	KR4e0244_WYG_000-2b
002.md	3	KR4e0244_WYG_000-3a
002.md	11	KR4e0244_WYG_000-3b
002.md	19	KR4e0244_WYG_000-4a
002.md	27	KR4e0244_WYG_000-4b
002.md	35	KR4e0244_WYG_000-5a
002.md	43	KR4e0244_WYG_000-5b
002.md	51	KR4e0244_WYG_000-6a
002.md	59	KR4e0244_WYG_000-6b
002.md	67	KR4e0244_WYG_000-7a
002.md	75	KR4e0244_WYG_000-7b
002.md	83	KR4e0244_WYG_000-8a
003.md	3	KR4e0244_WYG_001-1a
003.md	11	KR4e0244_WYG_001-1b
003.md	19	KR4e0244_WYG_001-2a
003.md	27	KR4e0244_WYG_001-2b
003.md	35	KR4e0244_WYG_001-3a
003.md	43	KR4e0244_WYG_001-3b
003.md	51	KR4e0244_WYG_001-4a
003.md	59	KR4e0244_WYG_001-4b
003.md	67	KR4e0244_WYG_001-5a
003.md	75	KR4e0244_WYG_001-5b
003.md	83	KR4e0244_WYG_001-6a
003.md	91	KR4e0244_WYG_001-6b
003.md	99	KR4e0244_WYG_001-7a
003.md	107	KR4e0244_WYG_001-7b
003.md	115	KR4e0244_WYG_001-8a
003.md	123	KR4e0244_WYG_001-8b
003.md	131	KR4e0244_WYG_001-9a
003.md	139	KR4e0244_WYG_001-9b
003.md	147	KR4e0244_WYG_001-10a
003.md	155	KR4e0244_WYG_001-10b
003.md	163	KR4e0244_WYG_001-11a
003.md	171	KR4e0244_WYG_001-11b
003.md	179	KR4e0244_WYG_001-12a
003.md	187	KR4e0244_WYG_001-12b
003.md	195	KR4e0244_WYG_001-13a
003.md	203	KR4e0244_WYG_001-13b
003.md	211	KR4e0244_WYG_001-14a
003.md	219	KR4e0244_WYG_001-14b
004.md	3	KR4e0244_WYG_002-1a
004.md	11	KR4e0244_WYG_002-1b
004.md	19	KR4e0244_WYG_002-2a
004.md	27	KR4e0244_WYG_002-2b
004.md	35	KR4e0244_WYG_002-3a
004.md	43	KR4e0244_WYG_002-3b
004.md	51	KR4e0244_WYG_002-4a
004.md	59	KR4e0244_WYG_002-4b
004.md	67	KR4e0244_WYG_002-5a
004.md	75	KR4e0244_WYG_002-5b
004.md	83	KR4e0244_WYG_002-6a
004.md	91	KR4e0244_WYG_002-6b
004.md	99	KR4e0244_WYG_002-7a
004.md	107	KR4e0244_WYG_002-7b
004.md	115	KR4e0244_WYG_002-8a
004.md	123	KR4e0244_WYG_002-8b
004.md	131	KR4e0244_WYG_002-9a
004.md	139	KR4e0244_WYG_002-9b
004.md	147	KR4e0244_WYG_002-10a
004.md	155	KR4e0244_WYG_002-10b
004.md	163	KR4e0244_WYG_002-11a
004.md	171	KR4e0244_WYG_002-11b
004.md	179	KR4e0244_WYG_002-12a
004.md	187	KR4e0244_WYG_002-12b
004.md	195	KR4e0244_WYG_002-13a
004.md	203	KR4e0244_WYG_002-13b
004.md	211	KR4e0244_WYG_002-14a
004.md	219	KR4e0244_WYG_002-14b
004.md	227	KR4e0244_WYG_002-15a
004.md	235	KR4e0244_WYG_002-15b
004.md	243	KR4e0244_WYG_002-16a
004.md	251	KR4e0244_WYG_002-16b
004.md	259	KR4e0244_WYG_002-17a
004.md	267	KR4e0244_WYG_002-17b
004.md	275	KR4e0244_WYG_002-18a
004.md	283	KR4e0244_WYG_002-18b
004.md	291	KR4e0244_WYG_002-19a
004.md	299	KR4e0244_WYG_002-19b
004.md	307	KR4e0244_WYG_002-20a
004.md	315	KR4e0244_WYG_002-20b
004.md	323	KR4e0244_WYG_002-21a
004.md	331	KR4e0244_WYG_002-21b
004.md	339	KR4e0244_WYG_002-22a
004.md	347	KR4e0244_WYG_002-22b
004.md	355	KR4e0244_WYG_002-23a
004.md	363	KR4e0244_WYG_002-23b
004.md	371	KR4e0244_WYG_002-24a
004.md	379	KR4e0244_WYG_002-24b
004.md	387	KR4e0244_WYG_002-25a
004.md	395	KR4e0244_WYG_002-25b
004.md	403	KR4e0244_WYG_002-26a
004.md	411	KR4e0244_WYG_002-26b
004.md	419	KR4e0244_WYG_002-27a
004.md	427	KR4e0244_WYG_002-27b
004.md	435	KR4e0244_WYG_002-28a
004.md	443	KR4e0244_WYG_002-28b
004.md	451	KR4e0244_WYG_002-29a
004.md	459	KR4e0244_WYG_002-29b
004.md	467	KR4e0244_WYG_002-30a
004.md	475	KR4e0244_WYG_002-30b
004.md	483	KR4e0244_WYG_002-31a
004.md	491	KR4e0244_WYG_002-31b
004.md	499	KR4e0244_WYG_002-32a
004.md	507	KR4e0244_WYG_002-32b
004.md	515	KR4e0244_WYG_002-33a
004.md	523	KR4e0244_WYG_002-33b
004.md	531	KR4e0244_WYG_002-34a
004.md	539	KR4e0244_WYG_002-34b
004.md	547	KR4e0244_WYG_002-35a
004.md	555	KR4e0244_WYG_002-35b
004.md	563	KR4e0244_WYG_002-36a
004.md	571	KR4e0244_WYG_002-36b
004.md	579	KR4e0244_WYG_002-37a
004.md	587	KR4e0244_WYG_002-37b
004.md	595	KR4e0244_WYG_002-38a
004.md	603	KR4e0244_WYG_002-38b
004.md	611	KR4e0244_WYG_002-39a
004.md	619	KR4e0244_WYG_002-39b
004.md	627	KR4e0244_WYG_002-40a
004.md	635	KR4e0244_WYG_002-40b
004.md	643	KR4e0244_WYG_002-41a
004.md	651	KR4e0244_WYG_002-41b
004.md	659	KR4e0244_WYG_002-42a
004.md	667	KR4e0244_WYG_002-42b
004.md	675	KR4e0244_WYG_002-43a
004.md	683	KR4e0244_WYG_002-43b
004.md	691	KR4e0244_WYG_002-44a
004.md	699	KR4e0244_WYG_002-44b
004.md	707	KR4e0244_WYG_002-45a
004.md	715	KR4e0244_WYG_002-45b
004.md	723	KR4e0244_WYG_002-46a
004.md	731	KR4e0244_WYG_002-46b
004.md	739	KR4e0244_WYG_002-47a
004.md	747	KR4e0244_WYG_002-47b
004.md	755	KR4e0244_WYG_002-48a
004.md	763	KR4e0244_WYG_002-48b
004.md	771	KR4e0244_WYG_002-49a
004.md	779	KR4e0244_WYG_002-49b
004.md	787	KR4e0244_WYG_002-50a
004.md	795	KR4e0244_WYG_002-50b
004.md	803	KR4e0244_WYG_002-51a
004.md	811	KR4e0244_WYG_002-51b
004.md	819	KR4e0244_WYG_002-52a
004.md	827	KR4e0244_WYG_002-52b
004.md	835	KR4e0244_WYG_002-53a
004.md	843	KR4e0244_WYG_002-53b
004.md	851	KR4e0244_WYG_002-54a
004.md	859	KR4e0244_WYG_002-54b
005.md	3	KR4e0244_WYG_003-1a
005.md	11	KR4e0244_WYG_003-1b
005.md	19	KR4e0244_WYG_003-2a
005.md	27	KR4e0244_WYG_003-2b
005.md	35	KR4e0244_WYG_003-3a
005.md	43	KR4e0244_WYG_003-3b
005.md	51	KR4e0244_WYG_003-4a
005.md	59	KR4e0244_WYG_003-4b
005.md	67	KR4e0244_WYG_003-5a
005.md	75	KR4e0244_WYG_003-5b
005.md	83	KR4e0244_WYG_003-6a
005.md	91	KR4e0244_WYG_003-6b
005.md	99	KR4e0244_WYG_003-7a
005.md	107	KR4e0244_WYG_003-7b
005.md	115	KR4e0244_WYG_003-8a
005.md	123	KR4e0244_WYG_003-8b
005.md	131	KR4e0244_WYG_003-9a
005.md	139	KR4e0244_WYG_003-9b
005.md	147	KR4e0244_WYG_003-10a
005.md	155	KR4e0244_WYG_003-10b
005.md	163	KR4e0244_WYG_003-11a
005.md	171	KR4e0244_WYG_003-11b
005.md	179	KR4e0244_WYG_003-12a
005.md	187	KR4e0244_WYG_003-12b
005.md	195	KR4e0244_WYG_003-13a
005.md	203	KR4e0244_WYG_003-13b
005.md	211	KR4e0244_WYG_003-14a
005.md	219	KR4e0244_WYG_003-14b
005.md	227	KR4e0244_WYG_003-15a
005.md	235	KR4e0244_WYG_003-15b
005.md	243	KR4e0244_WYG_003-16a
005.md	251	KR4e0244_WYG_003-16b
005.md	259	KR4e0244_WYG_003-17a
005.md	267	KR4e0244_WYG_003-17b
005.md	275	KR4e0244_WYG_003-18a
005.md	283	KR4e0244_WYG_003-18b
005.md	291	KR4e0244_WYG_003-19a
005.md	299	KR4e0244_WYG_003-19b
005.md	307	KR4e0244_WYG_003-20a
005.md	315	KR4e0244_WYG_003-20b
005.md	323	KR4e0244_WYG_003-21a
005.md	331	KR4e0244_WYG_003-21b
005.md	339	KR4e0244_WYG_003-22a
005.md	347	KR4e0244_WYG_003-22b
005.md	355	KR4e0244_WYG_003-23a
005.md	363	KR4e0244_WYG_003-23b
005.md	371	KR4e0244_WYG_003-24a
005.md	379	KR4e0244_WYG_003-24b
005.md	387	KR4e0244_WYG_003-25a
005.md	395	KR4e0244_WYG_003-25b
005.md	403	KR4e0244_WYG_003-26a
005.md	411	KR4e0244_WYG_003-26b
005.md	419	KR4e0244_WYG_003-27a
005.md	427	KR4e0244_WYG_003-27b
005.md	435	KR4e0244_WYG_003-28a
005.md	443	KR4e0244_WYG_003-28b
005.md	451	KR4e0244_WYG_003-29a
005.md	459	KR4e0244_WYG_003-29b
005.md	467	KR4e0244_WYG_003-30a
005.md	475	KR4e0244_WYG_003-30b
005.md	483	KR4e0244_WYG_003-31a
005.md	491	KR4e0244_WYG_003-31b
005.md	499	KR4e0244_WYG_003-32a
005.md	507	KR4e0244_WYG_003-32b
005.md	515	KR4e0244_WYG_003-33a
005.md	523	KR4e0244_WYG_003-33b
005.md	531	KR4e0244_WYG_003-34a
005.md	539	KR4e0244_WYG_003-34b
005.md	547	KR4e0244_WYG_003-35a
005.md	555	KR4e0244_WYG_003-35b
006.md	3	KR4e0244_WYG_004-1a
006.md	11	KR4e0244_WYG_004-1b
006.md	19	KR4e0244_WYG_004-2a
006.md	27	KR4e0244_WYG_004-2b
006.md	35	KR4e0244_WYG_004-3a
006.md	43	KR4e0244_WYG_004-3b
006.md	51	KR4e0244_WYG_004-4a
006.md	59	KR4e0244_WYG_004-4b
006.md	67	KR4e0244_WYG_004-5a
006.md	75	KR4e0244_WYG_004-5b
006.md	83	KR4e0244_WYG_004-6a
006.md	91	KR4e0244_WYG_004-6b
006.md	99	KR4e0244_WYG_004-7a
006.md	107	KR4e0244_WYG_004-7b
006.md	115	KR4e0244_WYG_004-8a
006.md	123	KR4e0244_WYG_004-8b
006.md	131	KR4e0244_WYG_004-9a
006.md	139	KR4e0244_WYG_004-9b
006.md	147	KR4e0244_WYG_004-10a
006.md	155	KR4e0244_WYG_004-10b
006.md	163	KR4e0244_WYG_004-11a
006.md	171	KR4e0244_WYG_004-11b
006.md	179	KR4e0244_WYG_004-12a
006.md	187	KR4e0244_WYG_004-12b
006.md	195	KR4e0244_WYG_004-13a
006.md	203	KR4e0244_WYG_004-13b
006.md	211	KR4e0244_WYG_004-14a
006.md	219	KR4e0244_WYG_004-14b
006.md	227	KR4e0244_WYG_004-15a
006.md	235	KR4e0244_WYG_004-15b
006.md	243	KR4e0244_WYG_004-16a
006.md	251	KR4e0244_WYG_004-16b
006.md	259	KR4e0244_WYG_004-17a
006.md	267	KR4e0244_WYG_004-17b
006.md	275	KR4e0244_WYG_004-18a
006.md	283	KR4e0244_WYG_004-18b
006.md	291	KR4e0244_WYG_004-19a
006.md	299	KR4e0244_WYG_004-19b
006.md	307	KR4e0244_WYG_004-20a
006.md	315	KR4e0244_WYG_004-20b
006.md	323	KR4e0244_WYG_004-21a
006.md	331	KR4e0244_WYG_004-21b
006.md	339	KR4e0244_WYG_004-22a
006.md	347	KR4e0244_WYG_004-22b
006.md	355	KR4e0244_WYG_004-23a
006.md	363	KR4e0244_WYG_004-23b
006.md	371	KR4e0244_WYG_004-24a
006.md	379	KR4e0244_WYG_004-24b
006.md	387	KR4e0244_WYG_004-25a
006.md	395	KR4e0244_WYG_004-25b
006.md	403	KR4e0244_WYG_004-26a
006.md	411	KR4e0244_WYG_004-26b
006.md	419	KR4e0244_WYG_004-27a
006.md	427	KR4e0244_WYG_004-27b
006.md	435	KR4e0244_WYG_004-28a
006.md	443	KR4e0244_WYG_004-28b
006.md	451	KR4e0244_WYG_004-29a
006.md	459	KR4e0244_WYG_004-29b
006.md	467	KR4e0244_WYG_004-30a
006.md	475	KR4e0244_WYG_004-30b
006.md	483	KR4e0244_WYG_004-31a
006.md	491	KR4e0244_WYG_004-31b
006.md	499	KR4e0244_WYG_004-32a
006.md	507	KR4e0244_WYG_004-32b
006.md	515	KR4e0244_WYG_004-33a
006.md	523	KR4e0244_WYG_004-33b
006.md	531	KR4e0244_WYG_004-34a
006.md	539	KR4e0244_WYG_004-34b
006.md	547	KR4e0244_WYG_004-35a
006.md	555	KR4e0244_WYG_004-35b
006.md	563	KR4e0244_WYG_004-36a
006.md	571	KR4e0244_WYG_004-36b
006.md	579	KR4e0244_WYG_004-37a
006.md	587	KR4e0244_WYG_004-37b
006.md	595	KR4e0244_WYG_004-38a
006.md	603	KR4e0244_WYG_004-38b
006.md	611	KR4e0244_WYG_004-39a
006.md	619	KR4e0244_WYG_004-39b
006.md	627	KR4e0244_WYG_004-40a
006.md	635	KR4e0244_WYG_004-40b
006.md	643	KR4e0244_WYG_004-41a
006.md	651	KR4e0244_WYG_004-41b
006.md	659	KR4e0244_WYG_004-42a
006.md	667	KR4e0244_WYG_004-42b
006.md	675	KR4e0244_WYG_004-43a
006.md	683	KR4e0244_WYG_004-43b
006.md	691	KR4e0244_WYG_004-44a
006.md	699	KR4e0244_WYG_004-44b
006.md	707	KR4e0244_WYG_004-45a
006.md	715	KR4e0244_WYG_004-45b
006.md	723	KR4e0244_WYG_004-46a
006.md	731	KR4e0244_WYG_004-46b
006.md	739	KR4e0244_WYG_004-47a
006.md	747	KR4e0244_WYG_004-47b
006.md	755	KR4e0244_WYG_004-48a
006.md	763	KR4e0244_WYG_004-48b
006.md	771	KR4e0244_WYG_004-49a
006.md	779	KR4e0244_WYG_004-49b
006.md	787	KR4e0244_WYG_004-50a
006.md	795	KR4e0244_WYG_004-50b
006.md	803	KR4e0244_WYG_004-51a
006.md	811	KR4e0244_WYG_004-51b
006.md	819	KR4e0244_WYG_004-52a
006.md	827	KR4e0244_WYG_004-52b
006.md	835	KR4e0244_WYG_004-53a
006.md	843	KR4e0244_WYG_004-53b
006.md	851	KR4e0244_WYG_004-54a
006.md	859	KR4e0244_WYG_004-54b
006.md	867	KR4e0244_WYG_004-55a
006.md	875	KR4e0244_WYG_004-55b
006.md	883	KR4e0244_WYG_004-56a
006.md	891	KR4e0244_WYG_004-56b
006.md	899	KR4e0244_WYG_004-57a
006.md	907	KR4e0244_WYG_004-57b
006.md	915	KR4e0244_WYG_004-58a
006.md	923	KR4e0244_WYG_004-58b
006.md	931	KR4e0244_WYG_004-59a
006.md	939	KR4e0244_WYG_004-59b
006.md	947	KR4e0244_WYG_004-60a
006.md	955	KR4e0244_WYG_004-60b
006.md	963	KR4e0244_WYG_004-61a
006.md	971	KR4e0244_WYG_004-61b
006.md	979	KR4e0244_WYG_004-62a
006.md	987	KR4e0244_WYG_004-62b
006.md	995	KR4e0244_WYG_004-63a
006.md	1003	KR4e0244_WYG_004-63b
006.md	1011	KR4e0244_WYG_004-64a
006.md	1019	KR4e0244_WYG_004-64b
006.md	1027	KR4e0244_WYG_004-65a
006.md	1035	KR4e0244_WYG_004-65b
007.md	3	KR4e0244_WYG_005-1a
007.md	11	KR4e0244_WYG_005-1b
007.md	19	KR4e0244_WYG_005-2a
007.md	27	KR4e0244_WYG_005-2b
007.md	35	KR4e0244_WYG_005-3a
007.md	43	KR4e0244_WYG_005-3b
007.md	51	KR4e0244_WYG_005-4a
007.md	59	KR4e0244_WYG_005-4b
007.md	67	KR4e0244_WYG_005-5a
007.md	75	KR4e0244_WYG_005-5b
007.md	83	KR4e0244_WYG_005-6a
007.md	91	KR4e0244_WYG_005-6b
007.md	99	KR4e0244_WYG_005-7a
007.md	107	KR4e0244_WYG_005-7b
007.md	115	KR4e0244_WYG_005-8a
007.md	123	KR4e0244_WYG_005-8b
007.md	131	KR4e0244_WYG_005-9a
007.md	139	KR4e0244_WYG_005-9b
007.md	147	KR4e0244_WYG_005-10a
007.md	155	KR4e0244_WYG_005-10b
007.md	163	KR4e0244_WYG_005-11a
007.md	171	KR4e0244_WYG_005-11b
007.md	179	KR4e0244_WYG_005-12a
007.md	187	KR4e0244_WYG_005-12b
007.md	195	KR4e0244_WYG_005-13a
007.md	203	KR4e0244_WYG_005-13b
007.md	211	KR4e0244_WYG_005-14a
007.md	219	KR4e0244_WYG_005-14b
007.md	227	KR4e0244_WYG_005-15a
007.md	235	KR4e0244_WYG_005-15b
008.md	3	KR4e0244_WYG_006-1a
008.md	11	KR4e0244_WYG_006-1b
008.md	19	KR4e0244_WYG_006-2a
008.md	27	KR4e0244_WYG_006-2b
008.md	35	KR4e0244_WYG_006-3a
008.md	43	KR4e0244_WYG_006-3b
008.md	51	KR4e0244_WYG_006-4a
008.md	59	KR4e0244_WYG_006-4b
008.md	67	KR4e0244_WYG_006-5a
008.md	75	KR4e0244_WYG_006-5b
008.md	83	KR4e0244_WYG_006-6a
008.md	91	KR4e0244_WYG_006-6b
008.md	99	KR4e0244_WYG_006-7a
008.md	107	KR4e0244_WYG_006-7b
008.md	115	KR4e0244_WYG_006-8a
008.md	123	KR4e0244_WYG_006-8b
008.md	131	KR4e0244_WYG_006-9a
008.md	139	KR4e0244_WYG_006-9b
009.md	3	KR4e0244_WYG_007-1a
009.md	11	KR4e0244_WYG_007-1b
009.md	19	KR4e0244_WYG_007-2a
009.md	27	KR4e0244_WYG_007-2b
009.md	35	KR4e0244_WYG_007-3a
009.md	43	KR4e0244_WYG_007-3b
009.md	51	KR4e0244_WYG_007-4a
009.md	59	KR4e0244_WYG_007-4b
009.md	67	KR4e0244_WYG_007-5a
009.md	75	KR4e0244_WYG_007-5b
009.md	83	KR4e0244_WYG_007-6a
009.md	91	KR4e0244_WYG_007-6b
009.md	99	KR4e0244_WYG_007-7a
009.md	107	KR4e0244_WYG_007-7b
009.md	115	KR4e0244_WYG_007-8a
009.md	123	KR4e0244_WYG_007-8b
009.md	131	KR4e0244_WYG_007-9a
009.md	139	KR4e0244_WYG_007-9b
009.md	147	KR4e0244_WYG_007-10a
009.md	155	KR4e0244_WYG_007-10b
009.md	163	KR4e0244_WYG_007-11a
009.md	171	KR4e0244_WYG_007-11b
009.md	179	KR4e0244_WYG_007-12a
009.md	187	KR4e0244_WYG_007-12b
009.md	195	KR4e0244_WYG_007-13a
009.md	203	KR4e0244_WYG_007-13b
009.md	211	KR4e0244_WYG_007-14a
009.md	219	KR4e0244_WYG_007-14b
009.md	227	KR4e0244_WYG_007-15a
009.md	235	KR4e0244_WYG_007-15b
009.md	243	KR4e0244_WYG_007-16a
009.md	251	KR4e0244_WYG_007-16b
009.md	259	KR4e0244_WYG_007-17a
009.md	267	KR4e0244_WYG_007-17b
009.md	275	KR4e0244_WYG_007-18a
009.md	283	KR4e0244_WYG_007-18b
009.md	291	KR4e0244_WYG_007-19a
009.md	299	KR4e0244_WYG_007-19b
009.md	307	KR4e0244_WYG_007-20a
009.md	315	KR4e0244_WYG_007-20b
009.md	323	KR4e0244_WYG_007-21a
009.md	331	KR4e0244_WYG_007-21b
009.md	339	KR4e0244_WYG_007-22a
009.md	347	KR4e0244_WYG_007-22b
009.md	355	KR4e0244_WYG_007-23a
009.md	363	KR4e0244_WYG_007-23b
010.md	3	KR4e0244_WYG_008-1a
010.md	11	KR4e0244_WYG_008-1b
010.md	19	KR4e0244_WYG_008-2a
010.md	27	KR4e0244_WYG_008-2b
010.md	35	KR4e0244_WYG_008-3a
010.md	43	KR4e0244_WYG_008-3b
010.md	51	KR4e0244_WYG_008-4a
010.md	59	KR4e0244_WYG_008-4b
010.md	67	KR4e0244_WYG_008-5a
010.md	75	KR4e0244_WYG_008-5b
010.md	83	KR4e0244_WYG_008-6a
010.md	91	KR4e0244_WYG_008-6b
010.md	99	KR4e0244_WYG_008-7a
010.md	107	KR4e0244_WYG_008-7b
010.md	115	KR4e0244_WYG_008-8a
010.md	123	KR4e0244_WYG_008-8b
010.md	131	KR4e0244_WYG_008-9a
010.md	139	KR4e0244_WYG_008-9b
010.md	147	KR4e0244_WYG_008-10a
010.md	155	KR4e0244_WYG_008-10b
010.md	163	KR4e0244_WYG_008-11a
010.md	171	KR4e0244_WYG_008-11b
010.md	179	KR4e0244_WYG_008-12a
010.md	187	KR4e0244_WYG_008-12b
010.md	195	KR4e0244_WYG_008-13a
010.md	203	KR4e0244_WYG_008-13b
010.md	211	KR4e0244_WYG_008-14a
010.md	219	KR4e0244_WYG_008-14b
010.md	227	KR4e0244_WYG_008-15a
010.md	235	KR4e0244_WYG_008-15b
010.md	243	KR4e0244_WYG_008-16a
010.md	251	KR4e0244_WYG_008-16b
010.md	259	KR4e0244_WYG_008-17a
010.md	267	KR4e0244_WYG_008-17b
010.md	275	KR4e0244_WYG_008-18a
010.md	283	KR4e0244_WYG_008-18b
010.md	291	KR4e0244_WYG_008-19a
010.md	299	KR4e0244_WYG_008-19b
010.md	307	KR4e0244_WYG_008-20a
010.md	315	KR4e0244_WYG_008-20b
010.md	323	KR4e0244_WYG_008-21a
010.md	331	KR4e0244_WYG_008-21b
010.md	339	KR4e0244_WYG_008-22a
010.md	347	KR4e0244_WYG_008-22b
010.md	355	KR4e0244_WYG_008-23a
010.md	363	KR4e0244_WYG_008-23b
010.md	371	KR4e0244_WYG_008-24a
010.md	379	KR4e0244_WYG_008-24b
010.md	387	KR4e0244_WYG_008-25a
010.md	395	KR4e0244_WYG_008-25b
010.md	403	KR4e0244_WYG_008-26a
010.md	411	KR4e0244_WYG_008-26b
010.md	419	KR4e0244_WYG_008-27a
010.md	427	KR4e0244_WYG_008-27b
010.md	435	KR4e0244_WYG_008-28a
010.md	443	KR4e0244_WYG_008-28b
010.md	451	KR4e0244_WYG_008-29a
010.md	459	KR4e0244_WYG_008-29b
010.md	467	KR4e0244_WYG_008-30a
010.md	475	KR4e0244_WYG_008-30b
010.md	483	KR4e0244_WYG_008-31a
010.md	491	KR4e0244_WYG_008-31b
011.md	3	KR4e0244_WYG_009-1a
011.md	11	KR4e0244_WYG_009-1b
011.md	19	KR4e0244_WYG_009-2a
011.md	27	KR4e0244_WYG_009-2b
011.md	35	KR4e0244_WYG_009-3a
011.md	43	KR4e0244_WYG_009-3b
011.md	51	KR4e0244_WYG_009-4a
011.md	59	KR4e0244_WYG_009-4b
011.md	67	KR4e0244_WYG_009-5a
011.md	75	KR4e0244_WYG_009-5b
011.md	83	KR4e0244_WYG_009-6a
011.md	91	KR4e0244_WYG_009-6b
011.md	99	KR4e0244_WYG_009-7a
011.md	107	KR4e0244_WYG_009-7b
011.md	115	KR4e0244_WYG_009-8a
011.md	123	KR4e0244_WYG_009-8b
011.md	131	KR4e0244_WYG_009-9a
011.md	139	KR4e0244_WYG_009-9b
011.md	147	KR4e0244_WYG_009-10a
011.md	155	KR4e0244_WYG_009-10b
011.md	163	KR4e0244_WYG_009-11a
011.md	171	KR4e0244_WYG_009-11b
011.md	179	KR4e0244_WYG_009-12a
011.md	187	KR4e0244_WYG_009-12b
011.md	195	KR4e0244_WYG_009-13a
011.md	203	KR4e0244_WYG_009-13b
011.md	211	KR4e0244_WYG_009-14a
011.md	219	KR4e0244_WYG_009-14b
011.md	227	KR4e0244_WYG_009-15a
011.md	235	KR4e0244_WYG_009-15b
012.md	3	KR4e0244_WYG_010-1a
012.md	11	KR4e0244_WYG_010-1b
012.md	19	KR4e0244_WYG_010-2a
012.md	27	KR4e0244_WYG_010-2b
012.md	35	KR4e0244_WYG_010-3a
012.md	43	KR4e0244_WYG_010-3b
012.md	51	KR4e0244_WYG_010-4a
012.md	59	KR4e0244_WYG_010-4b
012.md	67	KR4e0244_WYG_010-5a
012.md	75	KR4e0244_WYG_010-5b
012.md	83	KR4e0244_WYG_010-6a
012.md	91	KR4e0244_WYG_010-6b
012.md	99	KR4e0244_WYG_010-7a
012.md	107	KR4e0244_WYG_010-7b
012.md	115	KR4e0244_WYG_010-8a
012.md	123	KR4e0244_WYG_010-8b
012.md	131	KR4e0244_WYG_010-9a
012.md	139	KR4e0244_WYG_010-9b
012.md	147	KR4e0244_WYG_010-10a
012.md	155	KR4e0244_WYG_010-10b
012.md	163	KR4e0244_WYG_010-11a
012.md	171	KR4e0244_WYG_010-11b
012.md	179	KR4e0244_WYG_010-12a
012.md	187	KR4e0244_WYG_010-12b
012.md	195	KR4e0244_WYG_010-13a
012.md	203	KR4e0244_WYG_010-13b
012.md	211	KR4e0244_WYG_010-14a
012.md	219	KR4e0244_WYG_010-14b
012.md	227	KR4e0244_WYG_010-15a
012.md	235	KR4e0244_WYG_010-15b
012.md	243	KR4e0244_WYG_010-16a
012.md	251	KR4e0244_WYG_010-16b
012.md	259	KR4e0244_WYG_010-17a
012.md	267	KR4e0244_WYG_010-17b
012.md	275	KR4e0244_WYG_010-18a
012.md	283	KR4e0244_WYG_010-18b
012.md	291	KR4e0244_WYG_010-19a
012.md	299	KR4e0244_WYG_010-19b
012.md	307	KR4e0244_WYG_010-20a
012.md	315	KR4e0244_WYG_010-20b
012.md	323	KR4e0244_WYG_010-21a
012.md	331	KR4e0244_WYG_010-21b
012.md	339	KR4e0244_WYG_010-22a
012.md	347	KR4e0244_WYG_010-22b
012.md	355	KR4e0244_WYG_010-23a
012.md	363	KR4e0244_WYG_010-23b
012.md	371	KR4e0244_WYG_010-24a
012.md	379	KR4e0244_WYG_010-24b
012.md	387	KR4e0244_WYG_010-25a
012.md	395	KR4e0244_WYG_010-25b
012.md	403	KR4e0244_WYG_010-26a
012.md	411	KR4e0244_WYG_010-26b
012.md	419	KR4e0244_WYG_010-27a
012.md	427	KR4e0244_WYG_010-27b
012.md	435	KR4e0244_WYG_010-28a
012.md	443	KR4e0244_WYG_010-28b
012.md	451	KR4e0244_WYG_010-29a
012.md	459	KR4e0244_WYG_010-29b
012.md	467	KR4e0244_WYG_010-30a
012.md	475	KR4e0244_WYG_010-30b
013.md	3	KR4e0244_WYG_011-1a
013.md	11	KR4e0244_WYG_011-1b
013.md	19	KR4e0244_WYG_011-2a
013.md	27	KR4e0244_WYG_011-2b
013.md	35	KR4e0244_WYG_011-3a
013.md	43	KR4e0244_WYG_011-3b
013.md	51	KR4e0244_WYG_011-4a
013.md	59	KR4e0244_WYG_011-4b
013.md	67	KR4e0244_WYG_011-5a
013.md	75	KR4e0244_WYG_011-5b
013.md	83	KR4e0244_WYG_011-6a
013.md	91	KR4e0244_WYG_011-6b
013.md	99	KR4e0244_WYG_011-7a
013.md	107	KR4e0244_WYG_011-7b
013.md	115	KR4e0244_WYG_011-8a
013.md	123	KR4e0244_WYG_011-8b
013.md	131	KR4e0244_WYG_011-9a
013.md	139	KR4e0244_WYG_011-9b
013.md	147	KR4e0244_WYG_011-10a
013.md	155	KR4e0244_WYG_011-10b
013.md	163	KR4e0244_WYG_011-11a
013.md	171	KR4e0244_WYG_011-11b
013.md	179	KR4e0244_WYG_011-12a
013.md	187	KR4e0244_WYG_011-12b
013.md	195	KR4e0244_WYG_011-13a
013.md	203	KR4e0244_WYG_011-13b
013.md	211	KR4e0244_WYG_011-14a
013.md	219	KR4e0244_WYG_011-14b
013.md	227	KR4e0244_WYG_011-15a
013.md	235	KR4e0244_WYG_011-15b
013.md	243	KR4e0244_WYG_011-16a
013.md	251	KR4e0244_WYG_011-16b
013.md	259	KR4e0244_WYG_011-17a
013.md	267	KR4e0244_WYG_011-17b
013.md	275	KR4e0244_WYG_011-18a
013.md	283	KR4e0244_WYG_011-18b
013.md	291	KR4e0244_WYG_011-19a
013.md	299	KR4e0244_WYG_011-19b
013.md	307	KR4e0244_WYG_011-20a
013.md	315	KR4e0244_WYG_011-20b
014.md	3	KR4e0244_WYG_012-1a
014.md	11	KR4e0244_WYG_012-1b
014.md	19	KR4e0244_WYG_012-2a
014.md	27	KR4e0244_WYG_012-2b
014.md	35	KR4e0244_WYG_012-3a
014.md	43	KR4e0244_WYG_012-3b
014.md	51	KR4e0244_WYG_012-4a
014.md	59	KR4e0244_WYG_012-4b
014.md	67	KR4e0244_WYG_012-5a
014.md	75	KR4e0244_WYG_012-5b
014.md	83	KR4e0244_WYG_012-6a
014.md	91	KR4e0244_WYG_012-6b
014.md	99	KR4e0244_WYG_012-7a
014.md	107	KR4e0244_WYG_012-7b
014.md	115	KR4e0244_WYG_012-8a
014.md	123	KR4e0244_WYG_012-8b
014.md	131	KR4e0244_WYG_012-9a
014.md	139	KR4e0244_WYG_012-9b
014.md	147	KR4e0244_WYG_012-10a
014.md	155	KR4e0244_WYG_012-10b
014.md	163	KR4e0244_WYG_012-11a
014.md	171	KR4e0244_WYG_012-11b
014.md	179	KR4e0244_WYG_012-12a
014.md	187	KR4e0244_WYG_012-12b
014.md	195	KR4e0244_WYG_012-13a
014.md	203	KR4e0244_WYG_012-13b
014.md	211	KR4e0244_WYG_012-14a
014.md	219	KR4e0244_WYG_012-14b
014.md	227	KR4e0244_WYG_012-15a
014.md	235	KR4e0244_WYG_012-15b
014.md	243	KR4e0244_WYG_012-16a
014.md	251	KR4e0244_WYG_012-16b
014.md	259	KR4e0244_WYG_012-17a
014.md	267	KR4e0244_WYG_012-17b
015.md	3	KR4e0244_WYG_013-1a
015.md	11	KR4e0244_WYG_013-1b
015.md	19	KR4e0244_WYG_013-2a
015.md	27	KR4e0244_WYG_013-2b
015.md	35	KR4e0244_WYG_013-3a
015.md	43	KR4e0244_WYG_013-3b
015.md	51	KR4e0244_WYG_013-4a
015.md	59	KR4e0244_WYG_013-4b
015.md	67	KR4e0244_WYG_013-5a
015.md	75	KR4e0244_WYG_013-5b
015.md	83	KR4e0244_WYG_013-6a
015.md	91	KR4e0244_WYG_013-6b
015.md	99	KR4e0244_WYG_013-7a
015.md	107	KR4e0244_WYG_013-7b
015.md	115	KR4e0244_WYG_013-8a
015.md	123	KR4e0244_WYG_013-8b
015.md	131	KR4e0244_WYG_013-9a
015.md	139	KR4e0244_WYG_013-9b
015.md	147	KR4e0244_WYG_013-10a
015.md	155	KR4e0244_WYG_013-10b
015.md	163	KR4e0244_WYG_013-11a
015.md	171	KR4e0244_WYG_013-11b
015.md	179	KR4e0244_WYG_013-12a
015.md	187	KR4e0244_WYG_013-12b
015.md	195	KR4e0244_WYG_013-13a
015.md	203	KR4e0244_WYG_013-13b
015.md	211	KR4e0244_WYG_013-14a
015.md	219	KR4e0244_WYG_013-14b
015.md	227	KR4e0244_WYG_013-15a
015.md	235	KR4e0244_WYG_013-15b
015.md	243	KR4e0244_WYG_013-16a
015.md	251	KR4e0244_WYG_013-16b
015.md	259	KR4e0244_WYG_013-17a
015.md	267	KR4e0244_WYG_013-17b
015.md	275	KR4e0244_WYG_013-18a
015.md	283	KR4e0244_WYG_013-18b
016.md	3	KR4e0244_WYG_014-1a
016.md	11	KR4e0244_WYG_014-1b
016.md	19	KR4e0244_WYG_014-2a
016.md	27	KR4e0244_WYG_014-2b
016.md	35	KR4e0244_WYG_014-3a
016.md	43	KR4e0244_WYG_014-3b
016.md	51	KR4e0244_WYG_014-4a
016.md	59	KR4e0244_WYG_014-4b
016.md	67	KR4e0244_WYG_014-5a
016.md	75	KR4e0244_WYG_014-5b
016.md	83	KR4e0244_WYG_014-6a
016.md	91	KR4e0244_WYG_014-6b
016.md	99	KR4e0244_WYG_014-7a
016.md	107	KR4e0244_WYG_014-7b
016.md	115	KR4e0244_WYG_014-8a
016.md	123	KR4e0244_WYG_014-8b
016.md	131	KR4e0244_WYG_014-9a
016.md	139	KR4e0244_WYG_014-9b
016.md	147	KR4e0244_WYG_014-10a
016.md	155	KR4e0244_WYG_014-10b
016.md	163	KR4e0244_WYG_014-11a
016.md	171	KR4e0244_WYG_014-11b
016.md	179	KR4e0244_WYG_014-12a
016.md	187	KR4e0244_WYG_014-12b
016.md	195	KR4e0244_WYG_014-13a
016.md	203	KR4e0244_WYG_014-13b
016.md	211	KR4e0244_WYG_014-14a
016.md	219	KR4e0244_WYG_014-14b
016.md	227	KR4e0244_WYG_014-15a
016.md	235	KR4e0244_WYG_014-15b
016.md	243	KR4e0244_WYG_014-16a
016.md	251	KR4e0244_WYG_014-16b
016.md	259	KR4e0244_WYG_014-17a
016.md	267	KR4e0244_WYG_014-17b
016.md	275	KR4e0244_WYG_014-18a
016.md	283	KR4e0244_WYG_014-18b
016.md	291	KR4e0244_WYG_014-19a
016.md	299	KR4e0244_WYG_014-19b
017.md	3	KR4e0244_WYG_015-1a
017.md	11	KR4e0244_WYG_015-1b
017.md	19	KR4e0244_WYG_015-2a
017.md	27	KR4e0244_WYG_015-2b
017.md	35	KR4e0244_WYG_015-3a
017.md	43	KR4e0244_WYG_015-3b
017.md	51	KR4e0244_WYG_015-4a
017.md	59	KR4e0244_WYG_015-4b
017.md	67	KR4e0244_WYG_015-5a
017.md	75	KR4e0244_WYG_015-5b
018.md	3	KR4e0244_WYG_016-1a
018.md	11	KR4e0244_WYG_016-1b
018.md	19	KR4e0244_WYG_016-2a
018.md	27	KR4e0244_WYG_016-2b
018.md	35	KR4e0244_WYG_016-3a
018.md	43	KR4e0244_WYG_016-3b
018.md	51	KR4e0244_WYG_016-4a
018.md	59	KR4e0244_WYG_016-4b
018.md	67	KR4e0244_WYG_016-5a
018.md	75	KR4e0244_WYG_016-5b
018.md	83	KR4e0244_WYG_016-6a
018.md	91	KR4e0244_WYG_016-6b
018.md	99	KR4e0244_WYG_016-7a
018.md	107	KR4e0244_WYG_016-7b
018.md	115	KR4e0244_WYG_016-8a
018.md	123	KR4e0244_WYG_016-8b
018.md	131	KR4e0244_WYG_016-9a
018.md	139	KR4e0244_WYG_016-9b
018.md	147	KR4e0244_WYG_016-10a
018.md	155	KR4e0244_WYG_016-10b
018.md	163	KR4e0244_WYG_016-11a
018.md	171	KR4e0244_WYG_016-11b
018.md	179	KR4e0244_WYG_016-12a
018.md	187	KR4e0244_WYG_016-12b
019.md	3	KR4e0244_WYG_017-1a
019.md	11	KR4e0244_WYG_017-1b
019.md	19	KR4e0244_WYG_017-2a
019.md	27	KR4e0244_WYG_017-2b
019.md	35	KR4e0244_WYG_017-3a
019.md	43	KR4e0244_WYG_017-3b
019.md	51	KR4e0244_WYG_017-4a
019.md	59	KR4e0244_WYG_017-4b
019.md	67	KR4e0244_WYG_017-5a
019.md	75	KR4e0244_WYG_017-5b
019.md	83	KR4e0244_WYG_017-6a
019.md	91	KR4e0244_WYG_017-6b
019.md	99	KR4e0244_WYG_017-7a
019.md	107	KR4e0244_WYG_017-7b
019.md	115	KR4e0244_WYG_017-8a
019.md	123	KR4e0244_WYG_017-8b
019.md	131	KR4e0244_WYG_017-9a
019.md	139	KR4e0244_WYG_017-9b
019.md	147	KR4e0244_WYG_017-10a
019.md	155	KR4e0244_WYG_017-10b
019.md	163	KR4e0244_WYG_017-11a
019.md	171	KR4e0244_WYG_017-11b
019.md	179	KR4e0244_WYG_017-12a
019.md	187	KR4e0244_WYG_017-12b
019.md	195	KR4e0244_WYG_017-13a
019.md	203	KR4e0244_WYG_017-13b
019.md	211	KR4e0244_WYG_017-14a
019.md	219	KR4e0244_WYG_017-14b
019.md	227	KR4e0244_WYG_017-15a
019.md	235	KR4e0244_WYG_017-15b
019.md	243	KR4e0244_WYG_017-16a
019.md	251	KR4e0244_WYG_017-16b
019.md	259	KR4e0244_WYG_017-17a
019.md	267	KR4e0244_WYG_017-17b
020.md	3	KR4e0244_WYG_018-1a
020.md	11	KR4e0244_WYG_018-1b
020.md	19	KR4e0244_WYG_018-2a
020.md	27	KR4e0244_WYG_018-2b
020.md	35	KR4e0244_WYG_018-3a
020.md	43	KR4e0244_WYG_018-3b
020.md	51	KR4e0244_WYG_018-4a
020.md	59	KR4e0244_WYG_018-4b
020.md	67	KR4e0244_WYG_018-5a
020.md	75	KR4e0244_WYG_018-5b
020.md	83	KR4e0244_WYG_018-6a
020.md	91	KR4e0244_WYG_018-6b
020.md	99	KR4e0244_WYG_018-7a
020.md	107	KR4e0244_WYG_018-7b
020.md	115	KR4e0244_WYG_018-8a
020.md	123	KR4e0244_WYG_018-8b
020.md	131	KR4e0244_WYG_018-9a
020.md	139	KR4e0244_WYG_018-9b
020.md	147	KR4e0244_WYG_018-10a
020.md	155	KR4e0244_WYG_018-10b
020.md	163	KR4e0244_WYG_018-11a
020.md	171	KR4e0244_WYG_018-11b
020.md	179	KR4e0244_WYG_018-12a
020.md	187	KR4e0244_WYG_018-12b
020.md	195	KR4e0244_WYG_018-13a
020.md	203	KR4e0244_WYG_018-13b
020.md	211	KR4e0244_WYG_018-14a
020.md	219	KR4e0244_WYG_018-14b
020.md	227	KR4e0244_WYG_018-15a
020.md	235	KR4e0244_WYG_018-15b
020.md	243	KR4e0244_WYG_018-16a
020.md	251	KR4e0244_WYG_018-16b
020.md	259	KR4e0244_WYG_018-17a
020.md	267	KR4e0244_WYG_018-17b
020.md	275	KR4e0244_WYG_018-18a
020.md	283	KR4e0244_WYG_018-18b
020.md	291	KR4e0244_WYG_018-19a
020.md	299	KR4e0244_WYG_018-19b
020.md	307	KR4e0244_WYG_018-20a
020.md	315	KR4e0244_WYG_018-20b
020.md	323	KR4e0244_WYG_018-21a
020.md	331	KR4e0244_WYG_018-21b
020.md	339	KR4e0244_WYG_018-22a
020.md	347	KR4e0244_WYG_018-22b
020.md	355	KR4e0244_WYG_018-23a
020.md	363	KR4e0244_WYG_018-23b
021.md	3	KR4e0244_WYG_019-1a
021.md	11	KR4e0244_WYG_019-1b
021.md	19	KR4e0244_WYG_019-2a
021.md	27	KR4e0244_WYG_019-2b
021.md	35	KR4e0244_WYG_019-3a
021.md	43	KR4e0244_WYG_019-3b
021.md	51	KR4e0244_WYG_019-4a
021.md	59	KR4e0244_WYG_019-4b
021.md	67	KR4e0244_WYG_019-5a
021.md	75	KR4e0244_WYG_019-5b
021.md	83	KR4e0244_WYG_019-6a
021.md	91	KR4e0244_WYG_019-6b
021.md	99	KR4e0244_WYG_019-7a
021.md	107	KR4e0244_WYG_019-7b
021.md	115	KR4e0244_WYG_019-8a
021.md	123	KR4e0244_WYG_019-8b
021.md	131	KR4e0244_WYG_019-9a
021.md	139	KR4e0244_WYG_019-9b
021.md	147	KR4e0244_WYG_019-10a
021.md	155	KR4e0244_WYG_019-10b
021.md	163	KR4e0244_WYG_019-11a
021.md	171	KR4e0244_WYG_019-11b
021.md	179	KR4e0244_WYG_019-12a
021.md	187	KR4e0244_WYG_019-12b
021.md	195	KR4e0244_WYG_019-13a
021.md	203	KR4e0244_WYG_019-13b
021.md	211	KR4e0244_WYG_019-14a
021.md	219	KR4e0244_WYG_019-14b
021.md	227	KR4e0244_WYG_019-15a
021.md	235	KR4e0244_WYG_019-15b
021.md	243	KR4e0244_WYG_019-16a
021.md	251	KR4e0244_WYG_019-16b
021.md	259	KR4e0244_WYG_019-17a
021.md	267	KR4e0244_WYG_019-17b
021.md	275	KR4e0244_WYG_019-18a
021.md	283	KR4e0244_WYG_019-18b
021.md	291	KR4e0244_WYG_019-19a
021.md	299	KR4e0244_WYG_019-19b
021.md	307	KR4e0244_WYG_019-20a
021.md	315	KR4e0244_WYG_019-20b
021.md	323	KR4e0244_WYG_019-21a
021.md	331	KR4e0244_WYG_019-21b
021.md	339	KR4e0244_WYG_019-22a
021.md	347	KR4e0244_WYG_019-22b
021.md	355	KR4e0244_WYG_019-23a
021.md	363	KR4e0244_WYG_019-23b
021.md	371	KR4e0244_WYG_019-24a
021.md	379	KR4e0244_WYG_019-24b
021.md	387	KR4e0244_WYG_019-25a
021.md	395	KR4e0244_WYG_019-25b
021.md	403	KR4e0244_WYG_019-26a
021.md	411	KR4e0244_WYG_019-26b
021.md	419	KR4e0244_WYG_019-27a
021.md	427	KR4e0244_WYG_019-27b
021.md	435	KR4e0244_WYG_019-28a
021.md	443	KR4e0244_WYG_019-28b
021.md	451	KR4e0244_WYG_019-29a
021.md	459	KR4e0244_WYG_019-29b
021.md	467	KR4e0244_WYG_019-30a
021.md	475	KR4e0244_WYG_019-30b
021.md	483	KR4e0244_WYG_019-31a
021.md	491	KR4e0244_WYG_019-31b
021.md	499	KR4e0244_WYG_019-32a
021.md	507	KR4e0244_WYG_019-32b
021.md	515	KR4e0244_WYG_019-33a
021.md	523	KR4e0244_WYG_019-33b
022.md	3	KR4e0244_WYG_020-1a
022.md	11	KR4e0244_WYG_020-1b
022.md	19	KR4e0244_WYG_020-2a
022.md	27	KR4e0244_WYG_020-2b
022.md	35	KR4e0244_WYG_020-3a
022.md	43	KR4e0244_WYG_020-3b
022.md	51	KR4e0244_WYG_020-4a
022.md	59	KR4e0244_WYG_020-4b
023.md	3	KR4e0244_WYG_021-1a
023.md	11	KR4e0244_WYG_021-1b
023.md	19	KR4e0244_WYG_021-2a
023.md	27	KR4e0244_WYG_021-2b
023.md	35	KR4e0244_WYG_021-3a
023.md	43	KR4e0244_WYG_021-3b
023.md	51	KR4e0244_WYG_021-4a
023.md	59	KR4e0244_WYG_021-4b
023.md	67	KR4e0244_WYG_021-5a
023.md	75	KR4e0244_WYG_021-5b
023.md	83	KR4e0244_WYG_021-6a
023.md	91	KR4e0244_WYG_021-6b
023.md	99	KR4e0244_WYG_021-7a
023.md	107	KR4e0244_WYG_021-7b
023.md	115	KR4e0244_WYG_021-8a
023.md	123	KR4e0244_WYG_021-8b
023.md	131	KR4e0244_WYG_021-9a
023.md	139	KR4e0244_WYG_021-9b
023.md	147	KR4e0244_WYG_021-10a
023.md	155	KR4e0244_WYG_021-10b
023.md	163	KR4e0244_WYG_021-11a
023.md	171	KR4e0244_WYG_021-11b
023.md	179	KR4e0244_WYG_021-12a
023.md	187	KR4e0244_WYG_021-12b
023.md	195	KR4e0244_WYG_021-13a
023.md	203	KR4e0244_WYG_021-13b
024.md	3	KR4e0244_WYG_022-1a
024.md	11	KR4e0244_WYG_022-1b
024.md	19	KR4e0244_WYG_022-2a
024.md	27	KR4e0244_WYG_022-2b
024.md	35	KR4e0244_WYG_022-3a
024.md	43	KR4e0244_WYG_022-3b
024.md	51	KR4e0244_WYG_022-4a
024.md	59	KR4e0244_WYG_022-4b
024.md	67	KR4e0244_WYG_022-5a
024.md	75	KR4e0244_WYG_022-5b
024.md	83	KR4e0244_WYG_022-6a
024.md	91	KR4e0244_WYG_022-6b
024.md	99	KR4e0244_WYG_022-7a
024.md	107	KR4e0244_WYG_022-7b
024.md	115	KR4e0244_WYG_022-8a
024.md	123	KR4e0244_WYG_022-8b
024.md	131	KR4e0244_WYG_022-9a
024.md	139	KR4e0244_WYG_022-9b
024.md	147	KR4e0244_WYG_022-10a
024.md	155	KR4e0244_WYG_022-10b
024.md	163	KR4e0244_WYG_022-11a
024.md	171	KR4e0244_WYG_022-11b
