file	line_no	pb
001.md	3	KR3h0003_WYG_000-1a
001.md	11	KR3h0003_WYG_000-1b
001.md	19	KR3h0003_WYG_000-2a
001.md	27	KR3h0003_WYG_000-2b
001.md	35	KR3h0003_WYG_000-3a
001.md	43	KR3h0003_WYG_000-3b
001.md	51	KR3h0003_WYG_000-4a
001.md	59	KR3h0003_WYG_000-4b
001.md	67	KR3h0003_WYG_000-5a
001.md	75	KR3h0003_WYG_000-5b
001.md	83	KR3h0003_WYG_000-6a
001.md	91	KR3h0003_WYG_000-6b
