file	line_no	pb
001.md	3	KR1d0058_WYG_001-1a
001.md	11	KR1d0058_WYG_001-1b
001.md	19	KR1d0058_WYG_001-2a
001.md	27	KR1d0058_WYG_001-2b
001.md	35	KR1d0058_WYG_001-3a
001.md	43	KR1d0058_WYG_001-3b
001.md	51	KR1d0058_WYG_001-4a
001.md	59	KR1d0058_WYG_001-4b
001.md	67	KR1d0058_WYG_001-5a
001.md	75	KR1d0058_WYG_001-5b
001.md	83	KR1d0058_WYG_001-6a
001.md	91	KR1d0058_WYG_001-6b
001.md	99	KR1d0058_WYG_001-7a
001.md	107	KR1d0058_WYG_001-7b
001.md	115	KR1d0058_WYG_001-8a
001.md	123	KR1d0058_WYG_001-8b
001.md	131	KR1d0058_WYG_001-9a
001.md	139	KR1d0058_WYG_001-9b
001.md	147	KR1d0058_WYG_001-10a
001.md	155	KR1d0058_WYG_001-10b
001.md	163	KR1d0058_WYG_001-11a
001.md	171	KR1d0058_WYG_001-11b
001.md	179	KR1d0058_WYG_001-12a
001.md	187	KR1d0058_WYG_001-12b
001.md	195	KR1d0058_WYG_001-13a
001.md	203	KR1d0058_WYG_001-13b
001.md	211	KR1d0058_WYG_001-14a
001.md	219	KR1d0058_WYG_001-14b
001.md	227	KR1d0058_WYG_001-15a
001.md	235	KR1d0058_WYG_001-15b
001.md	243	KR1d0058_WYG_001-16a
001.md	251	KR1d0058_WYG_001-16b
001.md	259	KR1d0058_WYG_001-17a
001.md	267	KR1d0058_WYG_001-17b
001.md	275	KR1d0058_WYG_001-18a
001.md	283	KR1d0058_WYG_001-18b
001.md	291	KR1d0058_WYG_001-19a
001.md	299	KR1d0058_WYG_001-19b
001.md	307	KR1d0058_WYG_001-20a
001.md	315	KR1d0058_WYG_001-20b
001.md	323	KR1d0058_WYG_001-21a
001.md	331	KR1d0058_WYG_001-21b
001.md	339	KR1d0058_WYG_001-22a
001.md	347	KR1d0058_WYG_001-22b
001.md	355	KR1d0058_WYG_001-23a
001.md	363	KR1d0058_WYG_001-23b
001.md	371	KR1d0058_WYG_001-24a
001.md	379	KR1d0058_WYG_001-24b
001.md	387	KR1d0058_WYG_001-25a
001.md	395	KR1d0058_WYG_001-25b
001.md	403	KR1d0058_WYG_001-26a
001.md	411	KR1d0058_WYG_001-26b
001.md	419	KR1d0058_WYG_001-27a
001.md	427	KR1d0058_WYG_001-27b
001.md	435	KR1d0058_WYG_001-28a
001.md	443	KR1d0058_WYG_001-28b
001.md	451	KR1d0058_WYG_001-29a
001.md	459	KR1d0058_WYG_001-29b
001.md	467	KR1d0058_WYG_001-30a
001.md	475	KR1d0058_WYG_001-30b
001.md	483	KR1d0058_WYG_001-31a
001.md	491	KR1d0058_WYG_001-31b
001.md	499	KR1d0058_WYG_001-32a
001.md	507	KR1d0058_WYG_001-32b
001.md	515	KR1d0058_WYG_001-33a
001.md	523	KR1d0058_WYG_001-33b
001.md	531	KR1d0058_WYG_001-34a
001.md	539	KR1d0058_WYG_001-34b
001.md	547	KR1d0058_WYG_001-35a
001.md	555	KR1d0058_WYG_001-35b
001.md	563	KR1d0058_WYG_001-36a
001.md	571	KR1d0058_WYG_001-36b
001.md	579	KR1d0058_WYG_001-37a
001.md	587	KR1d0058_WYG_001-37b
001.md	595	KR1d0058_WYG_001-38a
001.md	603	KR1d0058_WYG_001-38b
001.md	611	KR1d0058_WYG_001-39a
001.md	619	KR1d0058_WYG_001-39b
001.md	627	KR1d0058_WYG_001-40a
001.md	635	KR1d0058_WYG_001-40b
001.md	643	KR1d0058_WYG_001-41a
001.md	651	KR1d0058_WYG_001-41b
001.md	659	KR1d0058_WYG_001-42a
001.md	667	KR1d0058_WYG_001-42b
001.md	675	KR1d0058_WYG_001-43a
001.md	683	KR1d0058_WYG_001-43b
001.md	691	KR1d0058_WYG_001-44a
001.md	699	KR1d0058_WYG_001-44b
001.md	707	KR1d0058_WYG_001-45a
001.md	715	KR1d0058_WYG_001-45b
001.md	723	KR1d0058_WYG_001-46a
001.md	731	KR1d0058_WYG_001-46b
001.md	739	KR1d0058_WYG_001-47a
001.md	747	KR1d0058_WYG_001-47b
001.md	755	KR1d0058_WYG_001-48a
001.md	763	KR1d0058_WYG_001-48b
001.md	771	KR1d0058_WYG_001-49a
001.md	779	KR1d0058_WYG_001-49b
001.md	787	KR1d0058_WYG_001-50a
001.md	795	KR1d0058_WYG_001-50b
001.md	803	KR1d0058_WYG_001-51a
001.md	811	KR1d0058_WYG_001-51b
001.md	819	KR1d0058_WYG_001-52a
001.md	827	KR1d0058_WYG_001-52b
001.md	835	KR1d0058_WYG_001-53a
001.md	843	KR1d0058_WYG_001-53b
001.md	851	KR1d0058_WYG_001-54a
001.md	859	KR1d0058_WYG_001-54b
001.md	867	KR1d0058_WYG_001-55a
001.md	875	KR1d0058_WYG_001-55b
001.md	883	KR1d0058_WYG_001-56a
001.md	891	KR1d0058_WYG_001-56b
001.md	899	KR1d0058_WYG_001-57a
001.md	907	KR1d0058_WYG_001-57b
001.md	915	KR1d0058_WYG_001-58a
001.md	923	KR1d0058_WYG_001-58b
001.md	931	KR1d0058_WYG_001-59a
001.md	939	KR1d0058_WYG_001-59b
001.md	947	KR1d0058_WYG_001-60a
001.md	955	KR1d0058_WYG_001-60b
001.md	963	KR1d0058_WYG_001-61a
001.md	971	KR1d0058_WYG_001-61b
001.md	979	KR1d0058_WYG_001-62a
001.md	987	KR1d0058_WYG_001-62b
001.md	995	KR1d0058_WYG_001-63a
001.md	1003	KR1d0058_WYG_001-63b
001.md	1011	KR1d0058_WYG_001-64a
001.md	1019	KR1d0058_WYG_001-64b
001.md	1027	KR1d0058_WYG_001-65a
001.md	1035	KR1d0058_WYG_001-65b
001.md	1043	KR1d0058_WYG_001-66a
001.md	1051	KR1d0058_WYG_001-66b
001.md	1059	KR1d0058_WYG_001-67a
001.md	1067	KR1d0058_WYG_001-67b
001.md	1075	KR1d0058_WYG_001-68a
001.md	1083	KR1d0058_WYG_001-68b
001.md	1091	KR1d0058_WYG_001-69a
001.md	1099	KR1d0058_WYG_001-69b
001.md	1107	KR1d0058_WYG_001-70a
001.md	1115	KR1d0058_WYG_001-70b
001.md	1123	KR1d0058_WYG_001-71a
001.md	1131	KR1d0058_WYG_001-71b
001.md	1139	KR1d0058_WYG_001-72a
001.md	1147	KR1d0058_WYG_001-72b
001.md	1155	KR1d0058_WYG_001-73a
001.md	1163	KR1d0058_WYG_001-73b
001.md	1171	KR1d0058_WYG_001-74a
001.md	1179	KR1d0058_WYG_001-74b
001.md	1187	KR1d0058_WYG_001-75a
001.md	1195	KR1d0058_WYG_001-75b
001.md	1203	KR1d0058_WYG_001-76a
001.md	1211	KR1d0058_WYG_001-76b
001.md	1219	KR1d0058_WYG_001-77a
001.md	1227	KR1d0058_WYG_001-77b
001.md	1235	KR1d0058_WYG_001-78a
001.md	1243	KR1d0058_WYG_001-78b
001.md	1251	KR1d0058_WYG_001-79a
001.md	1259	KR1d0058_WYG_001-79b
001.md	1267	KR1d0058_WYG_001-80a
001.md	1275	KR1d0058_WYG_001-80b
001.md	1283	KR1d0058_WYG_001-81a
001.md	1291	KR1d0058_WYG_001-81b
001.md	1299	KR1d0058_WYG_001-82a
001.md	1307	KR1d0058_WYG_001-82b
001.md	1315	KR1d0058_WYG_001-83a
001.md	1323	KR1d0058_WYG_001-83b
001.md	1331	KR1d0058_WYG_001-84a
001.md	1339	KR1d0058_WYG_001-84b
001.md	1347	KR1d0058_WYG_001-85a
001.md	1355	KR1d0058_WYG_001-85b
001.md	1363	KR1d0058_WYG_001-86a
001.md	1371	KR1d0058_WYG_001-86b
001.md	1379	KR1d0058_WYG_001-87a
001.md	1387	KR1d0058_WYG_001-87b
001.md	1395	KR1d0058_WYG_001-88a
001.md	1403	KR1d0058_WYG_001-88b
001.md	1411	KR1d0058_WYG_001-89a
001.md	1419	KR1d0058_WYG_001-89b
001.md	1427	KR1d0058_WYG_001-90a
001.md	1435	KR1d0058_WYG_001-90b
001.md	1443	KR1d0058_WYG_001-91a
001.md	1451	KR1d0058_WYG_001-91b
001.md	1459	KR1d0058_WYG_001-92a
001.md	1467	KR1d0058_WYG_001-92b
001.md	1475	KR1d0058_WYG_001-93a
001.md	1483	KR1d0058_WYG_001-93b
001.md	1491	KR1d0058_WYG_001-94a
001.md	1499	KR1d0058_WYG_001-94b
001.md	1507	KR1d0058_WYG_001-95a
001.md	1515	KR1d0058_WYG_001-95b
001.md	1523	KR1d0058_WYG_001-96a
001.md	1531	KR1d0058_WYG_001-96b
001.md	1539	KR1d0058_WYG_001-97a
001.md	1547	KR1d0058_WYG_001-97b
001.md	1555	KR1d0058_WYG_001-98a
001.md	1563	KR1d0058_WYG_001-98b
001.md	1571	KR1d0058_WYG_001-99a
001.md	1579	KR1d0058_WYG_001-99b
001.md	1587	KR1d0058_WYG_001-100a
001.md	1595	KR1d0058_WYG_001-100b
001.md	1603	KR1d0058_WYG_001-101a
001.md	1611	KR1d0058_WYG_001-101b
001.md	1619	KR1d0058_WYG_001-102a
001.md	1627	KR1d0058_WYG_001-102b
001.md	1635	KR1d0058_WYG_001-103a
001.md	1643	KR1d0058_WYG_001-103b
001.md	1651	KR1d0058_WYG_001-104a
001.md	1659	KR1d0058_WYG_001-104b
001.md	1667	KR1d0058_WYG_001-105a
001.md	1675	KR1d0058_WYG_001-105b
001.md	1683	KR1d0058_WYG_001-106a
001.md	1691	KR1d0058_WYG_001-106b
001.md	1699	KR1d0058_WYG_001-107a
001.md	1707	KR1d0058_WYG_001-107b
001.md	1715	KR1d0058_WYG_001-108a
001.md	1723	KR1d0058_WYG_001-108b
001.md	1731	KR1d0058_WYG_001-109a
001.md	1739	KR1d0058_WYG_001-109b
001.md	1747	KR1d0058_WYG_001-110a
001.md	1755	KR1d0058_WYG_001-110b
001.md	1763	KR1d0058_WYG_001-111a
001.md	1771	KR1d0058_WYG_001-111b
001.md	1779	KR1d0058_WYG_001-112a
001.md	1787	KR1d0058_WYG_001-112b
001.md	1795	KR1d0058_WYG_001-113a
001.md	1803	KR1d0058_WYG_001-113b
001.md	1811	KR1d0058_WYG_001-114a
001.md	1819	KR1d0058_WYG_001-114b
001.md	1827	KR1d0058_WYG_001-115a
001.md	1835	KR1d0058_WYG_001-115b
001.md	1843	KR1d0058_WYG_001-116a
001.md	1851	KR1d0058_WYG_001-116b
001.md	1859	KR1d0058_WYG_001-117a
001.md	1867	KR1d0058_WYG_001-117b
001.md	1875	KR1d0058_WYG_001-118a
001.md	1883	KR1d0058_WYG_001-118b
001.md	1891	KR1d0058_WYG_001-119a
001.md	1899	KR1d0058_WYG_001-119b
001.md	1907	KR1d0058_WYG_001-120a
001.md	1915	KR1d0058_WYG_001-120b
001.md	1923	KR1d0058_WYG_001-121a
001.md	1931	KR1d0058_WYG_001-121b
001.md	1939	KR1d0058_WYG_001-122a
001.md	1947	KR1d0058_WYG_001-122b
001.md	1955	KR1d0058_WYG_001-123a
001.md	1963	KR1d0058_WYG_001-123b
001.md	1971	KR1d0058_WYG_001-124a
001.md	1979	KR1d0058_WYG_001-124b
001.md	1987	KR1d0058_WYG_001-125a
001.md	1995	KR1d0058_WYG_001-125b
001.md	2003	KR1d0058_WYG_001-126a
001.md	2011	KR1d0058_WYG_001-126b
001.md	2019	KR1d0058_WYG_001-127a
001.md	2027	KR1d0058_WYG_001-127b
001.md	2035	KR1d0058_WYG_001-128a
001.md	2043	KR1d0058_WYG_001-128b
001.md	2051	KR1d0058_WYG_001-129a
001.md	2059	KR1d0058_WYG_001-129b
001.md	2067	KR1d0058_WYG_001-130a
001.md	2075	KR1d0058_WYG_001-130b
001.md	2083	KR1d0058_WYG_001-131a
001.md	2091	KR1d0058_WYG_001-131b
001.md	2099	KR1d0058_WYG_001-132a
001.md	2107	KR1d0058_WYG_001-132b
001.md	2115	KR1d0058_WYG_001-133a
001.md	2123	KR1d0058_WYG_001-133b
001.md	2131	KR1d0058_WYG_001-134a
001.md	2139	KR1d0058_WYG_001-134b
001.md	2147	KR1d0058_WYG_001-135a
001.md	2155	KR1d0058_WYG_001-135b
001.md	2163	KR1d0058_WYG_001-136a
001.md	2171	KR1d0058_WYG_001-136b
001.md	2179	KR1d0058_WYG_001-137a
001.md	2187	KR1d0058_WYG_001-137b
001.md	2195	KR1d0058_WYG_001-138a
001.md	2203	KR1d0058_WYG_001-138b
001.md	2211	KR1d0058_WYG_001-139a
001.md	2219	KR1d0058_WYG_001-139b
001.md	2227	KR1d0058_WYG_001-140a
001.md	2235	KR1d0058_WYG_001-140b
001.md	2243	KR1d0058_WYG_001-141a
001.md	2251	KR1d0058_WYG_001-141b
001.md	2259	KR1d0058_WYG_001-142a
001.md	2267	KR1d0058_WYG_001-142b
001.md	2275	KR1d0058_WYG_001-143a
001.md	2283	KR1d0058_WYG_001-143b
001.md	2291	KR1d0058_WYG_001-144a
001.md	2299	KR1d0058_WYG_001-144b
001.md	2307	KR1d0058_WYG_001-145a
001.md	2315	KR1d0058_WYG_001-145b
001.md	2323	KR1d0058_WYG_001-146a
001.md	2331	KR1d0058_WYG_001-146b
001.md	2339	KR1d0058_WYG_001-147a
001.md	2347	KR1d0058_WYG_001-147b
001.md	2355	KR1d0058_WYG_001-148a
001.md	2363	KR1d0058_WYG_001-148b
001.md	2371	KR1d0058_WYG_001-149a
001.md	2379	KR1d0058_WYG_001-149b
001.md	2387	KR1d0058_WYG_001-150a
001.md	2395	KR1d0058_WYG_001-150b
001.md	2403	KR1d0058_WYG_001-151a
001.md	2411	KR1d0058_WYG_001-151b
001.md	2419	KR1d0058_WYG_001-152a
001.md	2427	KR1d0058_WYG_001-152b
001.md	2435	KR1d0058_WYG_001-153a
001.md	2443	KR1d0058_WYG_001-153b
001.md	2451	KR1d0058_WYG_001-154a
001.md	2459	KR1d0058_WYG_001-154b
001.md	2467	KR1d0058_WYG_001-155a
001.md	2475	KR1d0058_WYG_001-155b
001.md	2483	KR1d0058_WYG_001-156a
001.md	2491	KR1d0058_WYG_001-156b
001.md	2499	KR1d0058_WYG_001-157a
001.md	2507	KR1d0058_WYG_001-157b
001.md	2515	KR1d0058_WYG_001-158a
001.md	2523	KR1d0058_WYG_001-158b
001.md	2531	KR1d0058_WYG_001-159a
001.md	2539	KR1d0058_WYG_001-159b
001.md	2547	KR1d0058_WYG_001-160a
001.md	2555	KR1d0058_WYG_001-160b
001.md	2563	KR1d0058_WYG_001-161a
001.md	2571	KR1d0058_WYG_001-161b
001.md	2579	KR1d0058_WYG_001-162a
001.md	2587	KR1d0058_WYG_001-162b
001.md	2595	KR1d0058_WYG_001-163a
001.md	2603	KR1d0058_WYG_001-163b
001.md	2611	KR1d0058_WYG_001-164a
001.md	2619	KR1d0058_WYG_001-164b
001.md	2627	KR1d0058_WYG_001-165a
001.md	2635	KR1d0058_WYG_001-165b
001.md	2643	KR1d0058_WYG_001-166a
001.md	2651	KR1d0058_WYG_001-166b
001.md	2659	KR1d0058_WYG_001-167a
001.md	2667	KR1d0058_WYG_001-167b
001.md	2675	KR1d0058_WYG_001-168a
001.md	2683	KR1d0058_WYG_001-168b
001.md	2691	KR1d0058_WYG_001-169a
001.md	2699	KR1d0058_WYG_001-169b
001.md	2707	KR1d0058_WYG_001-170a
001.md	2715	KR1d0058_WYG_001-170b
001.md	2723	KR1d0058_WYG_001-171a
001.md	2731	KR1d0058_WYG_001-171b
001.md	2739	KR1d0058_WYG_001-172a
001.md	2747	KR1d0058_WYG_001-172b
001.md	2755	KR1d0058_WYG_001-173a
001.md	2763	KR1d0058_WYG_001-173b
001.md	2771	KR1d0058_WYG_001-174a
001.md	2779	KR1d0058_WYG_001-174b
001.md	2787	KR1d0058_WYG_001-175a
001.md	2795	KR1d0058_WYG_001-175b
001.md	2803	KR1d0058_WYG_001-176a
001.md	2811	KR1d0058_WYG_001-176b
001.md	2819	KR1d0058_WYG_001-177a
001.md	2827	KR1d0058_WYG_001-177b
001.md	2835	KR1d0058_WYG_001-178a
001.md	2843	KR1d0058_WYG_001-178b
001.md	2851	KR1d0058_WYG_001-179a
001.md	2859	KR1d0058_WYG_001-179b
001.md	2867	KR1d0058_WYG_001-180a
001.md	2875	KR1d0058_WYG_001-180b
001.md	2883	KR1d0058_WYG_001-181a
001.md	2891	KR1d0058_WYG_001-181b
001.md	2899	KR1d0058_WYG_001-182a
001.md	2907	KR1d0058_WYG_001-182b
001.md	2915	KR1d0058_WYG_001-183a
001.md	2923	KR1d0058_WYG_001-183b
001.md	2931	KR1d0058_WYG_001-184a
001.md	2939	KR1d0058_WYG_001-184b
001.md	2947	KR1d0058_WYG_001-185a
001.md	2955	KR1d0058_WYG_001-185b
001.md	2963	KR1d0058_WYG_001-186a
001.md	2971	KR1d0058_WYG_001-186b
001.md	2979	KR1d0058_WYG_001-187a
001.md	2987	KR1d0058_WYG_001-187b
001.md	2995	KR1d0058_WYG_001-188a
001.md	3003	KR1d0058_WYG_001-188b
001.md	3011	KR1d0058_WYG_001-189a
001.md	3019	KR1d0058_WYG_001-189b
001.md	3027	KR1d0058_WYG_001-190a
001.md	3035	KR1d0058_WYG_001-190b
001.md	3043	KR1d0058_WYG_001-191a
001.md	3051	KR1d0058_WYG_001-191b
001.md	3059	KR1d0058_WYG_001-192a
001.md	3067	KR1d0058_WYG_001-192b
001.md	3075	KR1d0058_WYG_001-193a
001.md	3083	KR1d0058_WYG_001-193b
001.md	3091	KR1d0058_WYG_001-194a
001.md	3099	KR1d0058_WYG_001-194b
001.md	3107	KR1d0058_WYG_001-195a
001.md	3115	KR1d0058_WYG_001-195b
001.md	3123	KR1d0058_WYG_001-196a
001.md	3131	KR1d0058_WYG_001-196b
001.md	3139	KR1d0058_WYG_001-197a
001.md	3147	KR1d0058_WYG_001-197b
001.md	3155	KR1d0058_WYG_001-198a
001.md	3163	KR1d0058_WYG_001-198b
001.md	3171	KR1d0058_WYG_001-199a
001.md	3179	KR1d0058_WYG_001-199b
001.md	3187	KR1d0058_WYG_001-200a
001.md	3195	KR1d0058_WYG_001-200b
001.md	3203	KR1d0058_WYG_001-201a
001.md	3211	KR1d0058_WYG_001-201b
001.md	3219	KR1d0058_WYG_001-202a
001.md	3227	KR1d0058_WYG_001-202b
001.md	3235	KR1d0058_WYG_001-203a
001.md	3243	KR1d0058_WYG_001-203b
001.md	3251	KR1d0058_WYG_001-204a
001.md	3259	KR1d0058_WYG_001-204b
001.md	3267	KR1d0058_WYG_001-205a
001.md	3275	KR1d0058_WYG_001-205b
001.md	3283	KR1d0058_WYG_001-206a
001.md	3291	KR1d0058_WYG_001-206b
001.md	3299	KR1d0058_WYG_001-207a
001.md	3307	KR1d0058_WYG_001-207b
001.md	3315	KR1d0058_WYG_001-208a
001.md	3323	KR1d0058_WYG_001-208b
001.md	3331	KR1d0058_WYG_001-209a
001.md	3339	KR1d0058_WYG_001-209b
001.md	3347	KR1d0058_WYG_001-210a
001.md	3355	KR1d0058_WYG_001-210b
001.md	3363	KR1d0058_WYG_001-211a
001.md	3371	KR1d0058_WYG_001-211b
001.md	3379	KR1d0058_WYG_001-212a
001.md	3387	KR1d0058_WYG_001-212b
001.md	3395	KR1d0058_WYG_001-213a
001.md	3403	KR1d0058_WYG_001-213b
001.md	3411	KR1d0058_WYG_001-214a
001.md	3419	KR1d0058_WYG_001-214b
001.md	3427	KR1d0058_WYG_001-215a
001.md	3435	KR1d0058_WYG_001-215b
001.md	3443	KR1d0058_WYG_001-216a
001.md	3451	KR1d0058_WYG_001-216b
001.md	3459	KR1d0058_WYG_001-217a
001.md	3467	KR1d0058_WYG_001-217b
001.md	3475	KR1d0058_WYG_001-218a
001.md	3483	KR1d0058_WYG_001-218b
001.md	3491	KR1d0058_WYG_001-219a
001.md	3499	KR1d0058_WYG_001-219b
001.md	3507	KR1d0058_WYG_001-220a
001.md	3515	KR1d0058_WYG_001-220b
001.md	3523	KR1d0058_WYG_001-221a
001.md	3531	KR1d0058_WYG_001-221b
001.md	3539	KR1d0058_WYG_001-222a
001.md	3547	KR1d0058_WYG_001-222b
001.md	3555	KR1d0058_WYG_001-223a
001.md	3563	KR1d0058_WYG_001-223b
001.md	3571	KR1d0058_WYG_001-224a
001.md	3579	KR1d0058_WYG_001-224b
001.md	3587	KR1d0058_WYG_001-225a
001.md	3595	KR1d0058_WYG_001-225b
001.md	3603	KR1d0058_WYG_001-226a
001.md	3611	KR1d0058_WYG_001-226b
001.md	3619	KR1d0058_WYG_001-227a
001.md	3627	KR1d0058_WYG_001-227b
001.md	3635	KR1d0058_WYG_001-228a
001.md	3643	KR1d0058_WYG_001-228b
001.md	3651	KR1d0058_WYG_001-229a
001.md	3659	KR1d0058_WYG_001-229b
001.md	3667	KR1d0058_WYG_001-230a
001.md	3675	KR1d0058_WYG_001-230b
001.md	3683	KR1d0058_WYG_001-231a
001.md	3691	KR1d0058_WYG_001-231b
001.md	3699	KR1d0058_WYG_001-232a
001.md	3707	KR1d0058_WYG_001-232b
001.md	3715	KR1d0058_WYG_001-233a
001.md	3723	KR1d0058_WYG_001-233b
001.md	3731	KR1d0058_WYG_001-234a
001.md	3739	KR1d0058_WYG_001-234b
001.md	3747	KR1d0058_WYG_001-235a
001.md	3755	KR1d0058_WYG_001-235b
001.md	3763	KR1d0058_WYG_001-236a
001.md	3771	KR1d0058_WYG_001-236b
002.md	3	KR1d0058_WYG_002-1a
002.md	11	KR1d0058_WYG_002-1b
002.md	19	KR1d0058_WYG_002-2a
002.md	27	KR1d0058_WYG_002-2b
002.md	35	KR1d0058_WYG_002-3a
002.md	43	KR1d0058_WYG_002-3b
002.md	51	KR1d0058_WYG_002-4a
002.md	59	KR1d0058_WYG_002-4b
002.md	67	KR1d0058_WYG_002-5a
002.md	75	KR1d0058_WYG_002-5b
002.md	83	KR1d0058_WYG_002-6a
002.md	91	KR1d0058_WYG_002-6b
002.md	99	KR1d0058_WYG_002-7a
002.md	107	KR1d0058_WYG_002-7b
002.md	115	KR1d0058_WYG_002-8a
002.md	123	KR1d0058_WYG_002-8b
002.md	131	KR1d0058_WYG_002-9a
002.md	139	KR1d0058_WYG_002-9b
002.md	147	KR1d0058_WYG_002-10a
002.md	155	KR1d0058_WYG_002-10b
002.md	163	KR1d0058_WYG_002-11a
002.md	171	KR1d0058_WYG_002-11b
002.md	179	KR1d0058_WYG_002-12a
002.md	187	KR1d0058_WYG_002-12b
002.md	195	KR1d0058_WYG_002-13a
002.md	203	KR1d0058_WYG_002-13b
002.md	211	KR1d0058_WYG_002-14a
002.md	219	KR1d0058_WYG_002-14b
002.md	227	KR1d0058_WYG_002-15a
002.md	235	KR1d0058_WYG_002-15b
002.md	243	KR1d0058_WYG_002-16a
002.md	251	KR1d0058_WYG_002-16b
002.md	259	KR1d0058_WYG_002-17a
002.md	267	KR1d0058_WYG_002-17b
002.md	275	KR1d0058_WYG_002-18a
002.md	283	KR1d0058_WYG_002-18b
002.md	291	KR1d0058_WYG_002-19a
002.md	299	KR1d0058_WYG_002-19b
002.md	307	KR1d0058_WYG_002-20a
002.md	315	KR1d0058_WYG_002-20b
002.md	323	KR1d0058_WYG_002-21a
002.md	331	KR1d0058_WYG_002-21b
002.md	339	KR1d0058_WYG_002-22a
002.md	347	KR1d0058_WYG_002-22b
002.md	355	KR1d0058_WYG_002-23a
002.md	363	KR1d0058_WYG_002-23b
002.md	371	KR1d0058_WYG_002-24a
002.md	379	KR1d0058_WYG_002-24b
002.md	387	KR1d0058_WYG_002-25a
002.md	395	KR1d0058_WYG_002-25b
002.md	403	KR1d0058_WYG_002-26a
002.md	411	KR1d0058_WYG_002-26b
002.md	419	KR1d0058_WYG_002-27a
002.md	427	KR1d0058_WYG_002-27b
002.md	435	KR1d0058_WYG_002-28a
002.md	443	KR1d0058_WYG_002-28b
002.md	451	KR1d0058_WYG_002-29a
002.md	459	KR1d0058_WYG_002-29b
002.md	467	KR1d0058_WYG_002-30a
002.md	475	KR1d0058_WYG_002-30b
002.md	483	KR1d0058_WYG_002-31a
002.md	491	KR1d0058_WYG_002-31b
002.md	499	KR1d0058_WYG_002-32a
002.md	507	KR1d0058_WYG_002-32b
002.md	515	KR1d0058_WYG_002-33a
002.md	523	KR1d0058_WYG_002-33b
002.md	531	KR1d0058_WYG_002-34a
002.md	539	KR1d0058_WYG_002-34b
002.md	547	KR1d0058_WYG_002-35a
002.md	555	KR1d0058_WYG_002-35b
002.md	563	KR1d0058_WYG_002-36a
002.md	571	KR1d0058_WYG_002-36b
002.md	579	KR1d0058_WYG_002-37a
002.md	587	KR1d0058_WYG_002-37b
002.md	595	KR1d0058_WYG_002-38a
002.md	603	KR1d0058_WYG_002-38b
002.md	611	KR1d0058_WYG_002-39a
002.md	619	KR1d0058_WYG_002-39b
002.md	627	KR1d0058_WYG_002-40a
002.md	635	KR1d0058_WYG_002-40b
002.md	643	KR1d0058_WYG_002-41a
002.md	651	KR1d0058_WYG_002-41b
002.md	659	KR1d0058_WYG_002-42a
002.md	667	KR1d0058_WYG_002-42b
002.md	675	KR1d0058_WYG_002-43a
002.md	683	KR1d0058_WYG_002-43b
002.md	691	KR1d0058_WYG_002-44a
002.md	699	KR1d0058_WYG_002-44b
002.md	707	KR1d0058_WYG_002-45a
002.md	715	KR1d0058_WYG_002-45b
002.md	723	KR1d0058_WYG_002-46a
002.md	731	KR1d0058_WYG_002-46b
002.md	739	KR1d0058_WYG_002-47a
002.md	747	KR1d0058_WYG_002-47b
002.md	755	KR1d0058_WYG_002-48a
002.md	763	KR1d0058_WYG_002-48b
002.md	771	KR1d0058_WYG_002-49a
002.md	779	KR1d0058_WYG_002-49b
002.md	787	KR1d0058_WYG_002-50a
002.md	795	KR1d0058_WYG_002-50b
002.md	803	KR1d0058_WYG_002-51a
002.md	811	KR1d0058_WYG_002-51b
002.md	819	KR1d0058_WYG_002-52a
002.md	827	KR1d0058_WYG_002-52b
002.md	835	KR1d0058_WYG_002-53a
002.md	843	KR1d0058_WYG_002-53b
002.md	851	KR1d0058_WYG_002-54a
002.md	859	KR1d0058_WYG_002-54b
002.md	867	KR1d0058_WYG_002-55a
002.md	875	KR1d0058_WYG_002-55b
002.md	883	KR1d0058_WYG_002-56a
002.md	891	KR1d0058_WYG_002-56b
002.md	899	KR1d0058_WYG_002-57a
002.md	907	KR1d0058_WYG_002-57b
002.md	915	KR1d0058_WYG_002-58a
002.md	923	KR1d0058_WYG_002-58b
002.md	931	KR1d0058_WYG_002-59a
002.md	939	KR1d0058_WYG_002-59b
002.md	947	KR1d0058_WYG_002-60a
002.md	955	KR1d0058_WYG_002-60b
002.md	963	KR1d0058_WYG_002-61a
002.md	971	KR1d0058_WYG_002-61b
002.md	979	KR1d0058_WYG_002-62a
002.md	987	KR1d0058_WYG_002-62b
002.md	995	KR1d0058_WYG_002-63a
002.md	1003	KR1d0058_WYG_002-63b
002.md	1011	KR1d0058_WYG_002-64a
002.md	1019	KR1d0058_WYG_002-64b
002.md	1027	KR1d0058_WYG_002-65a
002.md	1035	KR1d0058_WYG_002-65b
002.md	1043	KR1d0058_WYG_002-66a
002.md	1051	KR1d0058_WYG_002-66b
002.md	1059	KR1d0058_WYG_002-67a
002.md	1067	KR1d0058_WYG_002-67b
002.md	1075	KR1d0058_WYG_002-68a
002.md	1083	KR1d0058_WYG_002-68b
002.md	1091	KR1d0058_WYG_002-69a
002.md	1099	KR1d0058_WYG_002-69b
002.md	1107	KR1d0058_WYG_002-70a
002.md	1115	KR1d0058_WYG_002-70b
002.md	1123	KR1d0058_WYG_002-71a
002.md	1131	KR1d0058_WYG_002-71b
002.md	1139	KR1d0058_WYG_002-72a
002.md	1147	KR1d0058_WYG_002-72b
002.md	1155	KR1d0058_WYG_002-73a
002.md	1163	KR1d0058_WYG_002-73b
002.md	1171	KR1d0058_WYG_002-74a
002.md	1179	KR1d0058_WYG_002-74b
002.md	1187	KR1d0058_WYG_002-75a
002.md	1195	KR1d0058_WYG_002-75b
002.md	1203	KR1d0058_WYG_002-76a
002.md	1211	KR1d0058_WYG_002-76b
002.md	1219	KR1d0058_WYG_002-77a
002.md	1227	KR1d0058_WYG_002-77b
002.md	1235	KR1d0058_WYG_002-78a
002.md	1243	KR1d0058_WYG_002-78b
002.md	1251	KR1d0058_WYG_002-79a
002.md	1259	KR1d0058_WYG_002-79b
002.md	1267	KR1d0058_WYG_002-80a
002.md	1275	KR1d0058_WYG_002-80b
002.md	1283	KR1d0058_WYG_002-81a
002.md	1291	KR1d0058_WYG_002-81b
002.md	1299	KR1d0058_WYG_002-82a
002.md	1307	KR1d0058_WYG_002-82b
002.md	1315	KR1d0058_WYG_002-83a
002.md	1323	KR1d0058_WYG_002-83b
002.md	1331	KR1d0058_WYG_002-84a
002.md	1339	KR1d0058_WYG_002-84b
002.md	1347	KR1d0058_WYG_002-85a
002.md	1355	KR1d0058_WYG_002-85b
002.md	1363	KR1d0058_WYG_002-86a
002.md	1371	KR1d0058_WYG_002-86b
002.md	1379	KR1d0058_WYG_002-87a
002.md	1387	KR1d0058_WYG_002-87b
002.md	1395	KR1d0058_WYG_002-88a
002.md	1403	KR1d0058_WYG_002-88b
002.md	1411	KR1d0058_WYG_002-89a
002.md	1419	KR1d0058_WYG_002-89b
002.md	1427	KR1d0058_WYG_002-90a
002.md	1435	KR1d0058_WYG_002-90b
002.md	1443	KR1d0058_WYG_002-91a
002.md	1451	KR1d0058_WYG_002-91b
002.md	1459	KR1d0058_WYG_002-92a
002.md	1467	KR1d0058_WYG_002-92b
002.md	1475	KR1d0058_WYG_002-93a
002.md	1483	KR1d0058_WYG_002-93b
002.md	1491	KR1d0058_WYG_002-94a
002.md	1499	KR1d0058_WYG_002-94b
002.md	1507	KR1d0058_WYG_002-95a
002.md	1515	KR1d0058_WYG_002-95b
002.md	1523	KR1d0058_WYG_002-96a
002.md	1531	KR1d0058_WYG_002-96b
002.md	1539	KR1d0058_WYG_002-97a
002.md	1547	KR1d0058_WYG_002-97b
002.md	1555	KR1d0058_WYG_002-98a
002.md	1563	KR1d0058_WYG_002-98b
003.md	3	KR1d0058_WYG_003-1a
003.md	11	KR1d0058_WYG_003-1b
003.md	19	KR1d0058_WYG_003-2a
003.md	27	KR1d0058_WYG_003-2b
003.md	35	KR1d0058_WYG_003-3a
003.md	43	KR1d0058_WYG_003-3b
003.md	51	KR1d0058_WYG_003-4a
003.md	59	KR1d0058_WYG_003-4b
003.md	67	KR1d0058_WYG_003-5a
003.md	75	KR1d0058_WYG_003-5b
003.md	83	KR1d0058_WYG_003-6a
003.md	91	KR1d0058_WYG_003-6b
003.md	99	KR1d0058_WYG_003-7a
003.md	107	KR1d0058_WYG_003-7b
003.md	115	KR1d0058_WYG_003-8a
003.md	123	KR1d0058_WYG_003-8b
003.md	131	KR1d0058_WYG_003-9a
003.md	139	KR1d0058_WYG_003-9b
003.md	147	KR1d0058_WYG_003-10a
003.md	155	KR1d0058_WYG_003-10b
003.md	163	KR1d0058_WYG_003-11a
003.md	171	KR1d0058_WYG_003-11b
003.md	179	KR1d0058_WYG_003-12a
003.md	187	KR1d0058_WYG_003-12b
003.md	195	KR1d0058_WYG_003-13a
003.md	203	KR1d0058_WYG_003-13b
003.md	211	KR1d0058_WYG_003-14a
003.md	219	KR1d0058_WYG_003-14b
003.md	227	KR1d0058_WYG_003-15a
003.md	235	KR1d0058_WYG_003-15b
003.md	243	KR1d0058_WYG_003-16a
003.md	251	KR1d0058_WYG_003-16b
003.md	259	KR1d0058_WYG_003-17a
003.md	267	KR1d0058_WYG_003-17b
003.md	275	KR1d0058_WYG_003-18a
003.md	283	KR1d0058_WYG_003-18b
003.md	291	KR1d0058_WYG_003-19a
003.md	299	KR1d0058_WYG_003-19b
003.md	307	KR1d0058_WYG_003-20a
003.md	315	KR1d0058_WYG_003-20b
003.md	323	KR1d0058_WYG_003-21a
003.md	331	KR1d0058_WYG_003-21b
003.md	339	KR1d0058_WYG_003-22a
003.md	347	KR1d0058_WYG_003-22b
003.md	355	KR1d0058_WYG_003-23a
003.md	363	KR1d0058_WYG_003-23b
003.md	371	KR1d0058_WYG_003-24a
003.md	379	KR1d0058_WYG_003-24b
003.md	387	KR1d0058_WYG_003-25a
003.md	395	KR1d0058_WYG_003-25b
003.md	403	KR1d0058_WYG_003-26a
003.md	411	KR1d0058_WYG_003-26b
003.md	419	KR1d0058_WYG_003-27a
003.md	427	KR1d0058_WYG_003-27b
003.md	435	KR1d0058_WYG_003-28a
003.md	443	KR1d0058_WYG_003-28b
003.md	451	KR1d0058_WYG_003-29a
003.md	459	KR1d0058_WYG_003-29b
003.md	467	KR1d0058_WYG_003-30a
003.md	475	KR1d0058_WYG_003-30b
003.md	483	KR1d0058_WYG_003-31a
003.md	491	KR1d0058_WYG_003-31b
003.md	499	KR1d0058_WYG_003-32a
003.md	507	KR1d0058_WYG_003-32b
003.md	515	KR1d0058_WYG_003-33a
003.md	523	KR1d0058_WYG_003-33b
003.md	531	KR1d0058_WYG_003-34a
003.md	539	KR1d0058_WYG_003-34b
003.md	547	KR1d0058_WYG_003-35a
003.md	555	KR1d0058_WYG_003-35b
003.md	563	KR1d0058_WYG_003-36a
003.md	571	KR1d0058_WYG_003-36b
003.md	579	KR1d0058_WYG_003-37a
003.md	587	KR1d0058_WYG_003-37b
003.md	595	KR1d0058_WYG_003-38a
003.md	603	KR1d0058_WYG_003-38b
003.md	611	KR1d0058_WYG_003-39a
003.md	619	KR1d0058_WYG_003-39b
003.md	627	KR1d0058_WYG_003-40a
003.md	635	KR1d0058_WYG_003-40b
003.md	643	KR1d0058_WYG_003-41a
003.md	651	KR1d0058_WYG_003-41b
003.md	659	KR1d0058_WYG_003-42a
003.md	667	KR1d0058_WYG_003-42b
003.md	675	KR1d0058_WYG_003-43a
003.md	683	KR1d0058_WYG_003-43b
003.md	691	KR1d0058_WYG_003-44a
003.md	699	KR1d0058_WYG_003-44b
003.md	707	KR1d0058_WYG_003-45a
003.md	715	KR1d0058_WYG_003-45b
003.md	723	KR1d0058_WYG_003-46a
003.md	731	KR1d0058_WYG_003-46b
003.md	739	KR1d0058_WYG_003-47a
003.md	747	KR1d0058_WYG_003-47b
003.md	755	KR1d0058_WYG_003-48a
003.md	763	KR1d0058_WYG_003-48b
003.md	771	KR1d0058_WYG_003-49a
003.md	779	KR1d0058_WYG_003-49b
003.md	787	KR1d0058_WYG_003-50a
003.md	795	KR1d0058_WYG_003-50b
003.md	803	KR1d0058_WYG_003-51a
003.md	811	KR1d0058_WYG_003-51b
003.md	819	KR1d0058_WYG_003-52a
003.md	827	KR1d0058_WYG_003-52b
003.md	835	KR1d0058_WYG_003-53a
003.md	843	KR1d0058_WYG_003-53b
003.md	851	KR1d0058_WYG_003-54a
003.md	859	KR1d0058_WYG_003-54b
004.md	3	KR1d0058_WYG_004-1a
004.md	11	KR1d0058_WYG_004-1b
004.md	19	KR1d0058_WYG_004-2a
004.md	27	KR1d0058_WYG_004-2b
004.md	35	KR1d0058_WYG_004-3a
004.md	43	KR1d0058_WYG_004-3b
004.md	51	KR1d0058_WYG_004-4a
004.md	59	KR1d0058_WYG_004-4b
004.md	67	KR1d0058_WYG_004-5a
004.md	75	KR1d0058_WYG_004-5b
004.md	83	KR1d0058_WYG_004-6a
004.md	91	KR1d0058_WYG_004-6b
004.md	99	KR1d0058_WYG_004-7a
004.md	107	KR1d0058_WYG_004-7b
004.md	115	KR1d0058_WYG_004-8a
004.md	123	KR1d0058_WYG_004-8b
004.md	131	KR1d0058_WYG_004-9a
004.md	139	KR1d0058_WYG_004-9b
004.md	147	KR1d0058_WYG_004-10a
004.md	155	KR1d0058_WYG_004-10b
004.md	163	KR1d0058_WYG_004-11a
004.md	171	KR1d0058_WYG_004-11b
004.md	179	KR1d0058_WYG_004-12a
004.md	187	KR1d0058_WYG_004-12b
004.md	195	KR1d0058_WYG_004-13a
004.md	203	KR1d0058_WYG_004-13b
004.md	211	KR1d0058_WYG_004-14a
004.md	219	KR1d0058_WYG_004-14b
004.md	227	KR1d0058_WYG_004-15a
004.md	235	KR1d0058_WYG_004-15b
004.md	243	KR1d0058_WYG_004-16a
004.md	251	KR1d0058_WYG_004-16b
004.md	259	KR1d0058_WYG_004-17a
004.md	267	KR1d0058_WYG_004-17b
004.md	275	KR1d0058_WYG_004-18a
004.md	283	KR1d0058_WYG_004-18b
004.md	291	KR1d0058_WYG_004-19a
004.md	299	KR1d0058_WYG_004-19b
004.md	307	KR1d0058_WYG_004-20a
004.md	315	KR1d0058_WYG_004-20b
004.md	323	KR1d0058_WYG_004-21a
004.md	331	KR1d0058_WYG_004-21b
004.md	339	KR1d0058_WYG_004-22a
004.md	347	KR1d0058_WYG_004-22b
004.md	355	KR1d0058_WYG_004-23a
004.md	363	KR1d0058_WYG_004-23b
004.md	371	KR1d0058_WYG_004-24a
004.md	379	KR1d0058_WYG_004-24b
004.md	387	KR1d0058_WYG_004-25a
004.md	395	KR1d0058_WYG_004-25b
004.md	403	KR1d0058_WYG_004-26a
004.md	411	KR1d0058_WYG_004-26b
004.md	419	KR1d0058_WYG_004-27a
004.md	427	KR1d0058_WYG_004-27b
004.md	435	KR1d0058_WYG_004-28a
004.md	443	KR1d0058_WYG_004-28b
004.md	451	KR1d0058_WYG_004-29a
004.md	459	KR1d0058_WYG_004-29b
004.md	467	KR1d0058_WYG_004-30a
004.md	475	KR1d0058_WYG_004-30b
004.md	483	KR1d0058_WYG_004-31a
004.md	491	KR1d0058_WYG_004-31b
004.md	499	KR1d0058_WYG_004-32a
004.md	507	KR1d0058_WYG_004-32b
004.md	515	KR1d0058_WYG_004-33a
004.md	523	KR1d0058_WYG_004-33b
004.md	531	KR1d0058_WYG_004-34a
004.md	539	KR1d0058_WYG_004-34b
004.md	547	KR1d0058_WYG_004-35a
004.md	555	KR1d0058_WYG_004-35b
004.md	563	KR1d0058_WYG_004-36a
004.md	571	KR1d0058_WYG_004-36b
004.md	579	KR1d0058_WYG_004-37a
004.md	587	KR1d0058_WYG_004-37b
004.md	595	KR1d0058_WYG_004-38a
004.md	603	KR1d0058_WYG_004-38b
004.md	611	KR1d0058_WYG_004-39a
004.md	619	KR1d0058_WYG_004-39b
004.md	627	KR1d0058_WYG_004-40a
004.md	635	KR1d0058_WYG_004-40b
004.md	643	KR1d0058_WYG_004-41a
004.md	651	KR1d0058_WYG_004-41b
004.md	659	KR1d0058_WYG_004-42a
004.md	667	KR1d0058_WYG_004-42b
004.md	675	KR1d0058_WYG_004-43a
004.md	683	KR1d0058_WYG_004-43b
004.md	691	KR1d0058_WYG_004-44a
004.md	699	KR1d0058_WYG_004-44b
004.md	707	KR1d0058_WYG_004-45a
004.md	715	KR1d0058_WYG_004-45b
004.md	723	KR1d0058_WYG_004-46a
004.md	731	KR1d0058_WYG_004-46b
004.md	739	KR1d0058_WYG_004-47a
004.md	747	KR1d0058_WYG_004-47b
004.md	755	KR1d0058_WYG_004-48a
004.md	763	KR1d0058_WYG_004-48b
004.md	771	KR1d0058_WYG_004-49a
004.md	779	KR1d0058_WYG_004-49b
004.md	787	KR1d0058_WYG_004-50a
004.md	795	KR1d0058_WYG_004-50b
004.md	803	KR1d0058_WYG_004-51a
004.md	811	KR1d0058_WYG_004-51b
004.md	819	KR1d0058_WYG_004-52a
004.md	827	KR1d0058_WYG_004-52b
004.md	835	KR1d0058_WYG_004-53a
004.md	843	KR1d0058_WYG_004-53b
004.md	851	KR1d0058_WYG_004-54a
004.md	859	KR1d0058_WYG_004-54b
004.md	867	KR1d0058_WYG_004-55a
004.md	875	KR1d0058_WYG_004-55b
004.md	883	KR1d0058_WYG_004-56a
004.md	891	KR1d0058_WYG_004-56b
004.md	899	KR1d0058_WYG_004-57a
004.md	907	KR1d0058_WYG_004-57b
004.md	915	KR1d0058_WYG_004-58a
004.md	923	KR1d0058_WYG_004-58b
004.md	931	KR1d0058_WYG_004-59a
004.md	939	KR1d0058_WYG_004-59b
004.md	947	KR1d0058_WYG_004-60a
004.md	955	KR1d0058_WYG_004-60b
004.md	963	KR1d0058_WYG_004-61a
004.md	971	KR1d0058_WYG_004-61b
004.md	979	KR1d0058_WYG_004-62a
004.md	987	KR1d0058_WYG_004-62b
004.md	995	KR1d0058_WYG_004-63a
004.md	1003	KR1d0058_WYG_004-63b
004.md	1011	KR1d0058_WYG_004-64a
004.md	1019	KR1d0058_WYG_004-64b
004.md	1027	KR1d0058_WYG_004-65a
004.md	1035	KR1d0058_WYG_004-65b
004.md	1043	KR1d0058_WYG_004-66a
004.md	1051	KR1d0058_WYG_004-66b
004.md	1059	KR1d0058_WYG_004-67a
004.md	1067	KR1d0058_WYG_004-67b
004.md	1075	KR1d0058_WYG_004-68a
004.md	1083	KR1d0058_WYG_004-68b
004.md	1091	KR1d0058_WYG_004-69a
004.md	1099	KR1d0058_WYG_004-69b
004.md	1107	KR1d0058_WYG_004-70a
004.md	1115	KR1d0058_WYG_004-70b
004.md	1123	KR1d0058_WYG_004-71a
004.md	1131	KR1d0058_WYG_004-71b
004.md	1139	KR1d0058_WYG_004-72a
004.md	1147	KR1d0058_WYG_004-72b
004.md	1155	KR1d0058_WYG_004-73a
004.md	1163	KR1d0058_WYG_004-73b
004.md	1171	KR1d0058_WYG_004-74a
004.md	1179	KR1d0058_WYG_004-74b
004.md	1187	KR1d0058_WYG_004-75a
004.md	1195	KR1d0058_WYG_004-75b
004.md	1203	KR1d0058_WYG_004-76a
004.md	1211	KR1d0058_WYG_004-76b
004.md	1219	KR1d0058_WYG_004-77a
004.md	1227	KR1d0058_WYG_004-77b
004.md	1235	KR1d0058_WYG_004-78a
004.md	1243	KR1d0058_WYG_004-78b
004.md	1251	KR1d0058_WYG_004-79a
004.md	1259	KR1d0058_WYG_004-79b
004.md	1267	KR1d0058_WYG_004-80a
004.md	1275	KR1d0058_WYG_004-80b
004.md	1283	KR1d0058_WYG_004-81a
004.md	1291	KR1d0058_WYG_004-81b
004.md	1299	KR1d0058_WYG_004-82a
004.md	1307	KR1d0058_WYG_004-82b
004.md	1315	KR1d0058_WYG_004-83a
004.md	1323	KR1d0058_WYG_004-83b
004.md	1331	KR1d0058_WYG_004-84a
004.md	1339	KR1d0058_WYG_004-84b
004.md	1347	KR1d0058_WYG_004-85a
004.md	1355	KR1d0058_WYG_004-85b
004.md	1363	KR1d0058_WYG_004-86a
004.md	1371	KR1d0058_WYG_004-86b
004.md	1379	KR1d0058_WYG_004-87a
004.md	1387	KR1d0058_WYG_004-87b
004.md	1395	KR1d0058_WYG_004-88a
004.md	1403	KR1d0058_WYG_004-88b
004.md	1411	KR1d0058_WYG_004-89a
004.md	1419	KR1d0058_WYG_004-89b
004.md	1427	KR1d0058_WYG_004-90a
004.md	1435	KR1d0058_WYG_004-90b
004.md	1443	KR1d0058_WYG_004-91a
004.md	1451	KR1d0058_WYG_004-91b
004.md	1459	KR1d0058_WYG_004-92a
004.md	1467	KR1d0058_WYG_004-92b
004.md	1475	KR1d0058_WYG_004-93a
004.md	1483	KR1d0058_WYG_004-93b
004.md	1491	KR1d0058_WYG_004-94a
004.md	1499	KR1d0058_WYG_004-94b
004.md	1507	KR1d0058_WYG_004-95a
004.md	1515	KR1d0058_WYG_004-95b
004.md	1523	KR1d0058_WYG_004-96a
004.md	1531	KR1d0058_WYG_004-96b
004.md	1539	KR1d0058_WYG_004-97a
004.md	1547	KR1d0058_WYG_004-97b
004.md	1555	KR1d0058_WYG_004-98a
004.md	1563	KR1d0058_WYG_004-98b
004.md	1571	KR1d0058_WYG_004-99a
004.md	1579	KR1d0058_WYG_004-99b
004.md	1587	KR1d0058_WYG_004-100a
004.md	1595	KR1d0058_WYG_004-100b
004.md	1603	KR1d0058_WYG_004-101a
004.md	1611	KR1d0058_WYG_004-101b
004.md	1619	KR1d0058_WYG_004-102a
004.md	1627	KR1d0058_WYG_004-102b
005.md	3	KR1d0058_WYG_005-1a
005.md	11	KR1d0058_WYG_005-1b
005.md	19	KR1d0058_WYG_005-2a
005.md	27	KR1d0058_WYG_005-2b
005.md	35	KR1d0058_WYG_005-3a
005.md	43	KR1d0058_WYG_005-3b
005.md	51	KR1d0058_WYG_005-4a
005.md	59	KR1d0058_WYG_005-4b
005.md	67	KR1d0058_WYG_005-5a
005.md	75	KR1d0058_WYG_005-5b
005.md	83	KR1d0058_WYG_005-6a
005.md	91	KR1d0058_WYG_005-6b
005.md	99	KR1d0058_WYG_005-7a
005.md	107	KR1d0058_WYG_005-7b
005.md	115	KR1d0058_WYG_005-8a
005.md	123	KR1d0058_WYG_005-8b
005.md	131	KR1d0058_WYG_005-9a
005.md	139	KR1d0058_WYG_005-9b
005.md	147	KR1d0058_WYG_005-10a
005.md	155	KR1d0058_WYG_005-10b
006.md	3	KR1d0058_WYG_006-1a
006.md	11	KR1d0058_WYG_006-1b
006.md	19	KR1d0058_WYG_006-2a
006.md	27	KR1d0058_WYG_006-2b
006.md	35	KR1d0058_WYG_006-3a
006.md	43	KR1d0058_WYG_006-3b
006.md	51	KR1d0058_WYG_006-4a
006.md	59	KR1d0058_WYG_006-4b
006.md	67	KR1d0058_WYG_006-5a
006.md	75	KR1d0058_WYG_006-5b
006.md	83	KR1d0058_WYG_006-6a
006.md	91	KR1d0058_WYG_006-6b
006.md	99	KR1d0058_WYG_006-7a
006.md	107	KR1d0058_WYG_006-7b
006.md	115	KR1d0058_WYG_006-8a
006.md	123	KR1d0058_WYG_006-8b
006.md	131	KR1d0058_WYG_006-9a
006.md	139	KR1d0058_WYG_006-9b
006.md	147	KR1d0058_WYG_006-10a
006.md	155	KR1d0058_WYG_006-10b
006.md	163	KR1d0058_WYG_006-11a
006.md	171	KR1d0058_WYG_006-11b
006.md	179	KR1d0058_WYG_006-12a
006.md	187	KR1d0058_WYG_006-12b
006.md	195	KR1d0058_WYG_006-13a
006.md	203	KR1d0058_WYG_006-13b
006.md	211	KR1d0058_WYG_006-14a
006.md	219	KR1d0058_WYG_006-14b
006.md	227	KR1d0058_WYG_006-15a
006.md	235	KR1d0058_WYG_006-15b
006.md	243	KR1d0058_WYG_006-16a
006.md	251	KR1d0058_WYG_006-16b
006.md	259	KR1d0058_WYG_006-17a
006.md	267	KR1d0058_WYG_006-17b
006.md	275	KR1d0058_WYG_006-18a
006.md	283	KR1d0058_WYG_006-18b
006.md	291	KR1d0058_WYG_006-19a
006.md	299	KR1d0058_WYG_006-19b
006.md	307	KR1d0058_WYG_006-20a
006.md	315	KR1d0058_WYG_006-20b
006.md	323	KR1d0058_WYG_006-21a
006.md	331	KR1d0058_WYG_006-21b
006.md	339	KR1d0058_WYG_006-22a
006.md	347	KR1d0058_WYG_006-22b
006.md	355	KR1d0058_WYG_006-23a
006.md	363	KR1d0058_WYG_006-23b
006.md	371	KR1d0058_WYG_006-24a
006.md	379	KR1d0058_WYG_006-24b
006.md	387	KR1d0058_WYG_006-25a
006.md	395	KR1d0058_WYG_006-25b
006.md	403	KR1d0058_WYG_006-26a
006.md	411	KR1d0058_WYG_006-26b
006.md	419	KR1d0058_WYG_006-27a
006.md	427	KR1d0058_WYG_006-27b
006.md	435	KR1d0058_WYG_006-28a
006.md	443	KR1d0058_WYG_006-28b
006.md	451	KR1d0058_WYG_006-29a
006.md	459	KR1d0058_WYG_006-29b
006.md	467	KR1d0058_WYG_006-30a
006.md	475	KR1d0058_WYG_006-30b
006.md	483	KR1d0058_WYG_006-31a
006.md	491	KR1d0058_WYG_006-31b
006.md	499	KR1d0058_WYG_006-32a
006.md	507	KR1d0058_WYG_006-32b
006.md	515	KR1d0058_WYG_006-33a
006.md	523	KR1d0058_WYG_006-33b
006.md	531	KR1d0058_WYG_006-34a
006.md	539	KR1d0058_WYG_006-34b
006.md	547	KR1d0058_WYG_006-35a
006.md	555	KR1d0058_WYG_006-35b
006.md	563	KR1d0058_WYG_006-36a
006.md	571	KR1d0058_WYG_006-36b
006.md	579	KR1d0058_WYG_006-37a
006.md	587	KR1d0058_WYG_006-37b
006.md	595	KR1d0058_WYG_006-38a
006.md	603	KR1d0058_WYG_006-38b
006.md	611	KR1d0058_WYG_006-39a
006.md	619	KR1d0058_WYG_006-39b
006.md	627	KR1d0058_WYG_006-40a
006.md	635	KR1d0058_WYG_006-40b
006.md	643	KR1d0058_WYG_006-41a
006.md	651	KR1d0058_WYG_006-41b
006.md	659	KR1d0058_WYG_006-42a
006.md	667	KR1d0058_WYG_006-42b
006.md	675	KR1d0058_WYG_006-43a
006.md	683	KR1d0058_WYG_006-43b
006.md	691	KR1d0058_WYG_006-44a
006.md	699	KR1d0058_WYG_006-44b
006.md	707	KR1d0058_WYG_006-45a
006.md	715	KR1d0058_WYG_006-45b
006.md	723	KR1d0058_WYG_006-46a
006.md	731	KR1d0058_WYG_006-46b
006.md	739	KR1d0058_WYG_006-47a
006.md	747	KR1d0058_WYG_006-47b
006.md	755	KR1d0058_WYG_006-48a
006.md	763	KR1d0058_WYG_006-48b
006.md	771	KR1d0058_WYG_006-49a
006.md	779	KR1d0058_WYG_006-49b
006.md	787	KR1d0058_WYG_006-50a
006.md	795	KR1d0058_WYG_006-50b
006.md	803	KR1d0058_WYG_006-51a
006.md	811	KR1d0058_WYG_006-51b
006.md	819	KR1d0058_WYG_006-52a
006.md	827	KR1d0058_WYG_006-52b
006.md	835	KR1d0058_WYG_006-53a
006.md	843	KR1d0058_WYG_006-53b
006.md	851	KR1d0058_WYG_006-54a
006.md	859	KR1d0058_WYG_006-54b
006.md	867	KR1d0058_WYG_006-55a
006.md	875	KR1d0058_WYG_006-55b
006.md	883	KR1d0058_WYG_006-56a
006.md	891	KR1d0058_WYG_006-56b
006.md	899	KR1d0058_WYG_006-57a
006.md	907	KR1d0058_WYG_006-57b
006.md	915	KR1d0058_WYG_006-58a
006.md	923	KR1d0058_WYG_006-58b
006.md	931	KR1d0058_WYG_006-59a
006.md	939	KR1d0058_WYG_006-59b
006.md	947	KR1d0058_WYG_006-60a
006.md	955	KR1d0058_WYG_006-60b
006.md	963	KR1d0058_WYG_006-61a
006.md	971	KR1d0058_WYG_006-61b
006.md	979	KR1d0058_WYG_006-62a
006.md	987	KR1d0058_WYG_006-62b
006.md	995	KR1d0058_WYG_006-63a
006.md	1003	KR1d0058_WYG_006-63b
006.md	1011	KR1d0058_WYG_006-64a
006.md	1019	KR1d0058_WYG_006-64b
006.md	1027	KR1d0058_WYG_006-65a
006.md	1035	KR1d0058_WYG_006-65b
006.md	1043	KR1d0058_WYG_006-66a
006.md	1051	KR1d0058_WYG_006-66b
006.md	1059	KR1d0058_WYG_006-67a
006.md	1067	KR1d0058_WYG_006-67b
006.md	1075	KR1d0058_WYG_006-68a
006.md	1083	KR1d0058_WYG_006-68b
006.md	1091	KR1d0058_WYG_006-69a
006.md	1099	KR1d0058_WYG_006-69b
006.md	1107	KR1d0058_WYG_006-70a
006.md	1115	KR1d0058_WYG_006-70b
006.md	1123	KR1d0058_WYG_006-71a
006.md	1131	KR1d0058_WYG_006-71b
006.md	1139	KR1d0058_WYG_006-72a
006.md	1147	KR1d0058_WYG_006-72b
006.md	1155	KR1d0058_WYG_006-73a
006.md	1163	KR1d0058_WYG_006-73b
006.md	1171	KR1d0058_WYG_006-74a
006.md	1179	KR1d0058_WYG_006-74b
006.md	1187	KR1d0058_WYG_006-75a
006.md	1195	KR1d0058_WYG_006-75b
006.md	1203	KR1d0058_WYG_006-76a
006.md	1211	KR1d0058_WYG_006-76b
006.md	1219	KR1d0058_WYG_006-77a
006.md	1227	KR1d0058_WYG_006-77b
006.md	1235	KR1d0058_WYG_006-78a
006.md	1243	KR1d0058_WYG_006-78b
006.md	1251	KR1d0058_WYG_006-79a
006.md	1259	KR1d0058_WYG_006-79b
006.md	1267	KR1d0058_WYG_006-80a
006.md	1275	KR1d0058_WYG_006-80b
006.md	1283	KR1d0058_WYG_006-81a
006.md	1291	KR1d0058_WYG_006-81b
006.md	1299	KR1d0058_WYG_006-82a
006.md	1307	KR1d0058_WYG_006-82b
006.md	1315	KR1d0058_WYG_006-83a
006.md	1323	KR1d0058_WYG_006-83b
006.md	1331	KR1d0058_WYG_006-84a
006.md	1339	KR1d0058_WYG_006-84b
006.md	1347	KR1d0058_WYG_006-85a
006.md	1355	KR1d0058_WYG_006-85b
006.md	1363	KR1d0058_WYG_006-86a
006.md	1371	KR1d0058_WYG_006-86b
006.md	1379	KR1d0058_WYG_006-87a
006.md	1387	KR1d0058_WYG_006-87b
006.md	1395	KR1d0058_WYG_006-88a
006.md	1403	KR1d0058_WYG_006-88b
006.md	1411	KR1d0058_WYG_006-89a
006.md	1419	KR1d0058_WYG_006-89b
006.md	1427	KR1d0058_WYG_006-90a
006.md	1435	KR1d0058_WYG_006-90b
006.md	1443	KR1d0058_WYG_006-91a
006.md	1451	KR1d0058_WYG_006-91b
006.md	1459	KR1d0058_WYG_006-92a
006.md	1467	KR1d0058_WYG_006-92b
006.md	1475	KR1d0058_WYG_006-93a
006.md	1483	KR1d0058_WYG_006-93b
006.md	1491	KR1d0058_WYG_006-94a
006.md	1499	KR1d0058_WYG_006-94b
006.md	1507	KR1d0058_WYG_006-95a
006.md	1515	KR1d0058_WYG_006-95b
006.md	1523	KR1d0058_WYG_006-96a
006.md	1531	KR1d0058_WYG_006-96b
006.md	1539	KR1d0058_WYG_006-97a
006.md	1547	KR1d0058_WYG_006-97b
006.md	1555	KR1d0058_WYG_006-98a
006.md	1563	KR1d0058_WYG_006-98b
006.md	1571	KR1d0058_WYG_006-99a
006.md	1579	KR1d0058_WYG_006-99b
006.md	1587	KR1d0058_WYG_006-100a
006.md	1595	KR1d0058_WYG_006-100b
006.md	1603	KR1d0058_WYG_006-101a
006.md	1611	KR1d0058_WYG_006-101b
006.md	1619	KR1d0058_WYG_006-102a
006.md	1627	KR1d0058_WYG_006-102b
006.md	1635	KR1d0058_WYG_006-103a
006.md	1643	KR1d0058_WYG_006-103b
006.md	1651	KR1d0058_WYG_006-104a
006.md	1659	KR1d0058_WYG_006-104b
006.md	1667	KR1d0058_WYG_006-105a
006.md	1675	KR1d0058_WYG_006-105b
006.md	1683	KR1d0058_WYG_006-106a
006.md	1691	KR1d0058_WYG_006-106b
006.md	1699	KR1d0058_WYG_006-107a
006.md	1707	KR1d0058_WYG_006-107b
006.md	1715	KR1d0058_WYG_006-108a
006.md	1723	KR1d0058_WYG_006-108b
006.md	1731	KR1d0058_WYG_006-109a
006.md	1739	KR1d0058_WYG_006-109b
006.md	1747	KR1d0058_WYG_006-110a
006.md	1755	KR1d0058_WYG_006-110b
006.md	1763	KR1d0058_WYG_006-111a
006.md	1771	KR1d0058_WYG_006-111b
006.md	1779	KR1d0058_WYG_006-112a
006.md	1787	KR1d0058_WYG_006-112b
006.md	1795	KR1d0058_WYG_006-113a
006.md	1803	KR1d0058_WYG_006-113b
006.md	1811	KR1d0058_WYG_006-114a
006.md	1819	KR1d0058_WYG_006-114b
006.md	1827	KR1d0058_WYG_006-115a
006.md	1835	KR1d0058_WYG_006-115b
006.md	1843	KR1d0058_WYG_006-116a
006.md	1851	KR1d0058_WYG_006-116b
006.md	1859	KR1d0058_WYG_006-117a
006.md	1867	KR1d0058_WYG_006-117b
006.md	1875	KR1d0058_WYG_006-118a
006.md	1883	KR1d0058_WYG_006-118b
006.md	1891	KR1d0058_WYG_006-119a
006.md	1899	KR1d0058_WYG_006-119b
006.md	1907	KR1d0058_WYG_006-120a
006.md	1915	KR1d0058_WYG_006-120b
006.md	1923	KR1d0058_WYG_006-121a
006.md	1931	KR1d0058_WYG_006-121b
006.md	1939	KR1d0058_WYG_006-122a
006.md	1947	KR1d0058_WYG_006-122b
006.md	1955	KR1d0058_WYG_006-123a
006.md	1963	KR1d0058_WYG_006-123b
006.md	1971	KR1d0058_WYG_006-124a
006.md	1979	KR1d0058_WYG_006-124b
006.md	1987	KR1d0058_WYG_006-125a
006.md	1995	KR1d0058_WYG_006-125b
006.md	2003	KR1d0058_WYG_006-126a
006.md	2011	KR1d0058_WYG_006-126b
006.md	2019	KR1d0058_WYG_006-127a
006.md	2027	KR1d0058_WYG_006-127b
006.md	2035	KR1d0058_WYG_006-128a
006.md	2043	KR1d0058_WYG_006-128b
006.md	2051	KR1d0058_WYG_006-129a
006.md	2059	KR1d0058_WYG_006-129b
006.md	2067	KR1d0058_WYG_006-130a
006.md	2075	KR1d0058_WYG_006-130b
006.md	2083	KR1d0058_WYG_006-131a
006.md	2091	KR1d0058_WYG_006-131b
006.md	2099	KR1d0058_WYG_006-132a
006.md	2107	KR1d0058_WYG_006-132b
006.md	2115	KR1d0058_WYG_006-133a
006.md	2123	KR1d0058_WYG_006-133b
006.md	2131	KR1d0058_WYG_006-134a
006.md	2139	KR1d0058_WYG_006-134b
006.md	2147	KR1d0058_WYG_006-135a
006.md	2155	KR1d0058_WYG_006-135b
006.md	2163	KR1d0058_WYG_006-136a
006.md	2171	KR1d0058_WYG_006-136b
006.md	2179	KR1d0058_WYG_006-137a
006.md	2187	KR1d0058_WYG_006-137b
006.md	2195	KR1d0058_WYG_006-138a
006.md	2203	KR1d0058_WYG_006-138b
006.md	2211	KR1d0058_WYG_006-139a
006.md	2219	KR1d0058_WYG_006-139b
006.md	2227	KR1d0058_WYG_006-140a
006.md	2235	KR1d0058_WYG_006-140b
006.md	2243	KR1d0058_WYG_006-141a
006.md	2251	KR1d0058_WYG_006-141b
006.md	2259	KR1d0058_WYG_006-142a
006.md	2267	KR1d0058_WYG_006-142b
006.md	2275	KR1d0058_WYG_006-143a
006.md	2283	KR1d0058_WYG_006-143b
006.md	2291	KR1d0058_WYG_006-144a
006.md	2299	KR1d0058_WYG_006-144b
006.md	2307	KR1d0058_WYG_006-145a
006.md	2315	KR1d0058_WYG_006-145b
006.md	2323	KR1d0058_WYG_006-146a
006.md	2331	KR1d0058_WYG_006-146b
006.md	2339	KR1d0058_WYG_006-147a
006.md	2347	KR1d0058_WYG_006-147b
006.md	2355	KR1d0058_WYG_006-148a
006.md	2363	KR1d0058_WYG_006-148b
006.md	2371	KR1d0058_WYG_006-149a
006.md	2379	KR1d0058_WYG_006-149b
006.md	2387	KR1d0058_WYG_006-150a
006.md	2395	KR1d0058_WYG_006-150b
006.md	2403	KR1d0058_WYG_006-151a
006.md	2411	KR1d0058_WYG_006-151b
006.md	2419	KR1d0058_WYG_006-152a
006.md	2427	KR1d0058_WYG_006-152b
006.md	2435	KR1d0058_WYG_006-153a
006.md	2443	KR1d0058_WYG_006-153b
006.md	2451	KR1d0058_WYG_006-154a
006.md	2459	KR1d0058_WYG_006-154b
006.md	2467	KR1d0058_WYG_006-155a
006.md	2475	KR1d0058_WYG_006-155b
006.md	2483	KR1d0058_WYG_006-156a
006.md	2491	KR1d0058_WYG_006-156b
006.md	2499	KR1d0058_WYG_006-157a
006.md	2507	KR1d0058_WYG_006-157b
006.md	2515	KR1d0058_WYG_006-158a
006.md	2523	KR1d0058_WYG_006-158b
006.md	2531	KR1d0058_WYG_006-159a
006.md	2539	KR1d0058_WYG_006-159b
006.md	2547	KR1d0058_WYG_006-160a
006.md	2555	KR1d0058_WYG_006-160b
006.md	2563	KR1d0058_WYG_006-161a
006.md	2571	KR1d0058_WYG_006-161b
006.md	2579	KR1d0058_WYG_006-162a
006.md	2587	KR1d0058_WYG_006-162b
006.md	2595	KR1d0058_WYG_006-163a
006.md	2603	KR1d0058_WYG_006-163b
006.md	2611	KR1d0058_WYG_006-164a
006.md	2619	KR1d0058_WYG_006-164b
006.md	2627	KR1d0058_WYG_006-165a
006.md	2635	KR1d0058_WYG_006-165b
006.md	2643	KR1d0058_WYG_006-166a
006.md	2651	KR1d0058_WYG_006-166b
006.md	2659	KR1d0058_WYG_006-167a
006.md	2667	KR1d0058_WYG_006-167b
006.md	2675	KR1d0058_WYG_006-168a
006.md	2683	KR1d0058_WYG_006-168b
006.md	2691	KR1d0058_WYG_006-169a
006.md	2699	KR1d0058_WYG_006-169b
006.md	2707	KR1d0058_WYG_006-170a
006.md	2715	KR1d0058_WYG_006-170b
006.md	2723	KR1d0058_WYG_006-171a
006.md	2731	KR1d0058_WYG_006-171b
006.md	2739	KR1d0058_WYG_006-172a
006.md	2747	KR1d0058_WYG_006-172b
006.md	2755	KR1d0058_WYG_006-173a
006.md	2763	KR1d0058_WYG_006-173b
006.md	2771	KR1d0058_WYG_006-174a
006.md	2779	KR1d0058_WYG_006-174b
006.md	2787	KR1d0058_WYG_006-175a
006.md	2795	KR1d0058_WYG_006-175b
006.md	2803	KR1d0058_WYG_006-176a
006.md	2811	KR1d0058_WYG_006-176b
006.md	2819	KR1d0058_WYG_006-177a
006.md	2827	KR1d0058_WYG_006-177b
006.md	2835	KR1d0058_WYG_006-178a
006.md	2843	KR1d0058_WYG_006-178b
006.md	2851	KR1d0058_WYG_006-179a
006.md	2859	KR1d0058_WYG_006-179b
006.md	2867	KR1d0058_WYG_006-180a
006.md	2875	KR1d0058_WYG_006-180b
006.md	2883	KR1d0058_WYG_006-181a
006.md	2891	KR1d0058_WYG_006-181b
006.md	2899	KR1d0058_WYG_006-182a
006.md	2907	KR1d0058_WYG_006-182b
006.md	2915	KR1d0058_WYG_006-183a
006.md	2923	KR1d0058_WYG_006-183b
006.md	2931	KR1d0058_WYG_006-184a
006.md	2939	KR1d0058_WYG_006-184b
006.md	2947	KR1d0058_WYG_006-185a
006.md	2955	KR1d0058_WYG_006-185b
006.md	2963	KR1d0058_WYG_006-186a
006.md	2971	KR1d0058_WYG_006-186b
006.md	2979	KR1d0058_WYG_006-187a
006.md	2987	KR1d0058_WYG_006-187b
006.md	2995	KR1d0058_WYG_006-188a
006.md	3003	KR1d0058_WYG_006-188b
006.md	3011	KR1d0058_WYG_006-189a
006.md	3019	KR1d0058_WYG_006-189b
006.md	3027	KR1d0058_WYG_006-190a
006.md	3035	KR1d0058_WYG_006-190b
006.md	3043	KR1d0058_WYG_006-191a
006.md	3051	KR1d0058_WYG_006-191b
006.md	3059	KR1d0058_WYG_006-192a
006.md	3067	KR1d0058_WYG_006-192b
006.md	3075	KR1d0058_WYG_006-193a
006.md	3083	KR1d0058_WYG_006-193b
006.md	3091	KR1d0058_WYG_006-194a
006.md	3099	KR1d0058_WYG_006-194b
007.md	3	KR1d0058_WYG_007-1a
007.md	11	KR1d0058_WYG_007-1b
007.md	19	KR1d0058_WYG_007-2a
007.md	27	KR1d0058_WYG_007-2b
007.md	35	KR1d0058_WYG_007-3a
007.md	43	KR1d0058_WYG_007-3b
007.md	51	KR1d0058_WYG_007-4a
007.md	59	KR1d0058_WYG_007-4b
007.md	67	KR1d0058_WYG_007-5a
007.md	75	KR1d0058_WYG_007-5b
007.md	83	KR1d0058_WYG_007-6a
007.md	91	KR1d0058_WYG_007-6b
007.md	99	KR1d0058_WYG_007-7a
007.md	107	KR1d0058_WYG_007-7b
007.md	115	KR1d0058_WYG_007-8a
007.md	123	KR1d0058_WYG_007-8b
007.md	131	KR1d0058_WYG_007-9a
007.md	139	KR1d0058_WYG_007-9b
007.md	147	KR1d0058_WYG_007-10a
007.md	155	KR1d0058_WYG_007-10b
007.md	163	KR1d0058_WYG_007-11a
007.md	171	KR1d0058_WYG_007-11b
007.md	179	KR1d0058_WYG_007-12a
007.md	187	KR1d0058_WYG_007-12b
007.md	195	KR1d0058_WYG_007-13a
007.md	203	KR1d0058_WYG_007-13b
007.md	211	KR1d0058_WYG_007-14a
007.md	219	KR1d0058_WYG_007-14b
007.md	227	KR1d0058_WYG_007-15a
007.md	235	KR1d0058_WYG_007-15b
007.md	243	KR1d0058_WYG_007-16a
007.md	251	KR1d0058_WYG_007-16b
007.md	259	KR1d0058_WYG_007-17a
007.md	267	KR1d0058_WYG_007-17b
007.md	275	KR1d0058_WYG_007-18a
007.md	283	KR1d0058_WYG_007-18b
007.md	291	KR1d0058_WYG_007-19a
007.md	299	KR1d0058_WYG_007-19b
007.md	307	KR1d0058_WYG_007-20a
007.md	315	KR1d0058_WYG_007-20b
007.md	323	KR1d0058_WYG_007-21a
007.md	331	KR1d0058_WYG_007-21b
007.md	339	KR1d0058_WYG_007-22a
007.md	347	KR1d0058_WYG_007-22b
007.md	355	KR1d0058_WYG_007-23a
007.md	363	KR1d0058_WYG_007-23b
007.md	371	KR1d0058_WYG_007-24a
007.md	379	KR1d0058_WYG_007-24b
007.md	387	KR1d0058_WYG_007-25a
007.md	395	KR1d0058_WYG_007-25b
007.md	403	KR1d0058_WYG_007-26a
007.md	411	KR1d0058_WYG_007-26b
007.md	419	KR1d0058_WYG_007-27a
007.md	427	KR1d0058_WYG_007-27b
007.md	435	KR1d0058_WYG_007-28a
007.md	443	KR1d0058_WYG_007-28b
007.md	451	KR1d0058_WYG_007-29a
007.md	459	KR1d0058_WYG_007-29b
007.md	467	KR1d0058_WYG_007-30a
007.md	475	KR1d0058_WYG_007-30b
007.md	483	KR1d0058_WYG_007-31a
007.md	491	KR1d0058_WYG_007-31b
007.md	499	KR1d0058_WYG_007-32a
007.md	507	KR1d0058_WYG_007-32b
007.md	515	KR1d0058_WYG_007-33a
007.md	523	KR1d0058_WYG_007-33b
007.md	531	KR1d0058_WYG_007-34a
007.md	539	KR1d0058_WYG_007-34b
007.md	547	KR1d0058_WYG_007-35a
007.md	555	KR1d0058_WYG_007-35b
007.md	563	KR1d0058_WYG_007-36a
007.md	571	KR1d0058_WYG_007-36b
007.md	579	KR1d0058_WYG_007-37a
007.md	587	KR1d0058_WYG_007-37b
007.md	595	KR1d0058_WYG_007-38a
007.md	603	KR1d0058_WYG_007-38b
007.md	611	KR1d0058_WYG_007-39a
007.md	619	KR1d0058_WYG_007-39b
007.md	627	KR1d0058_WYG_007-40a
007.md	635	KR1d0058_WYG_007-40b
007.md	643	KR1d0058_WYG_007-41a
007.md	651	KR1d0058_WYG_007-41b
007.md	659	KR1d0058_WYG_007-42a
007.md	667	KR1d0058_WYG_007-42b
007.md	675	KR1d0058_WYG_007-43a
007.md	683	KR1d0058_WYG_007-43b
007.md	691	KR1d0058_WYG_007-44a
007.md	699	KR1d0058_WYG_007-44b
007.md	707	KR1d0058_WYG_007-45a
007.md	715	KR1d0058_WYG_007-45b
007.md	723	KR1d0058_WYG_007-46a
007.md	731	KR1d0058_WYG_007-46b
007.md	739	KR1d0058_WYG_007-47a
007.md	747	KR1d0058_WYG_007-47b
007.md	755	KR1d0058_WYG_007-48a
007.md	763	KR1d0058_WYG_007-48b
007.md	771	KR1d0058_WYG_007-49a
007.md	779	KR1d0058_WYG_007-49b
007.md	787	KR1d0058_WYG_007-50a
007.md	795	KR1d0058_WYG_007-50b
007.md	803	KR1d0058_WYG_007-51a
007.md	811	KR1d0058_WYG_007-51b
007.md	819	KR1d0058_WYG_007-52a
007.md	827	KR1d0058_WYG_007-52b
007.md	835	KR1d0058_WYG_007-53a
007.md	843	KR1d0058_WYG_007-53b
007.md	851	KR1d0058_WYG_007-54a
007.md	859	KR1d0058_WYG_007-54b
007.md	867	KR1d0058_WYG_007-55a
007.md	875	KR1d0058_WYG_007-55b
007.md	883	KR1d0058_WYG_007-56a
007.md	891	KR1d0058_WYG_007-56b
007.md	899	KR1d0058_WYG_007-57a
007.md	907	KR1d0058_WYG_007-57b
007.md	915	KR1d0058_WYG_007-58a
007.md	923	KR1d0058_WYG_007-58b
007.md	931	KR1d0058_WYG_007-59a
007.md	939	KR1d0058_WYG_007-59b
007.md	947	KR1d0058_WYG_007-60a
007.md	955	KR1d0058_WYG_007-60b
007.md	963	KR1d0058_WYG_007-61a
007.md	971	KR1d0058_WYG_007-61b
007.md	979	KR1d0058_WYG_007-62a
007.md	987	KR1d0058_WYG_007-62b
007.md	995	KR1d0058_WYG_007-63a
007.md	1003	KR1d0058_WYG_007-63b
007.md	1011	KR1d0058_WYG_007-64a
007.md	1019	KR1d0058_WYG_007-64b
007.md	1027	KR1d0058_WYG_007-65a
007.md	1035	KR1d0058_WYG_007-65b
007.md	1043	KR1d0058_WYG_007-66a
007.md	1051	KR1d0058_WYG_007-66b
007.md	1059	KR1d0058_WYG_007-67a
007.md	1067	KR1d0058_WYG_007-67b
007.md	1075	KR1d0058_WYG_007-68a
007.md	1083	KR1d0058_WYG_007-68b
007.md	1091	KR1d0058_WYG_007-69a
007.md	1099	KR1d0058_WYG_007-69b
007.md	1107	KR1d0058_WYG_007-70a
007.md	1115	KR1d0058_WYG_007-70b
007.md	1123	KR1d0058_WYG_007-71a
007.md	1131	KR1d0058_WYG_007-71b
007.md	1139	KR1d0058_WYG_007-72a
007.md	1147	KR1d0058_WYG_007-72b
007.md	1155	KR1d0058_WYG_007-73a
007.md	1163	KR1d0058_WYG_007-73b
007.md	1171	KR1d0058_WYG_007-74a
007.md	1179	KR1d0058_WYG_007-74b
007.md	1187	KR1d0058_WYG_007-75a
007.md	1195	KR1d0058_WYG_007-75b
007.md	1203	KR1d0058_WYG_007-76a
007.md	1211	KR1d0058_WYG_007-76b
007.md	1219	KR1d0058_WYG_007-77a
007.md	1227	KR1d0058_WYG_007-77b
007.md	1235	KR1d0058_WYG_007-78a
007.md	1243	KR1d0058_WYG_007-78b
007.md	1251	KR1d0058_WYG_007-79a
007.md	1259	KR1d0058_WYG_007-79b
007.md	1267	KR1d0058_WYG_007-80a
007.md	1275	KR1d0058_WYG_007-80b
007.md	1283	KR1d0058_WYG_007-81a
007.md	1291	KR1d0058_WYG_007-81b
007.md	1299	KR1d0058_WYG_007-82a
007.md	1307	KR1d0058_WYG_007-82b
007.md	1315	KR1d0058_WYG_007-83a
007.md	1323	KR1d0058_WYG_007-83b
007.md	1331	KR1d0058_WYG_007-84a
007.md	1339	KR1d0058_WYG_007-84b
007.md	1347	KR1d0058_WYG_007-85a
007.md	1355	KR1d0058_WYG_007-85b
007.md	1363	KR1d0058_WYG_007-86a
007.md	1371	KR1d0058_WYG_007-86b
007.md	1379	KR1d0058_WYG_007-87a
007.md	1387	KR1d0058_WYG_007-87b
007.md	1395	KR1d0058_WYG_007-88a
007.md	1403	KR1d0058_WYG_007-88b
007.md	1411	KR1d0058_WYG_007-89a
007.md	1419	KR1d0058_WYG_007-89b
007.md	1427	KR1d0058_WYG_007-90a
007.md	1435	KR1d0058_WYG_007-90b
007.md	1443	KR1d0058_WYG_007-91a
007.md	1451	KR1d0058_WYG_007-91b
007.md	1459	KR1d0058_WYG_007-92a
007.md	1467	KR1d0058_WYG_007-92b
007.md	1475	KR1d0058_WYG_007-93a
007.md	1483	KR1d0058_WYG_007-93b
007.md	1491	KR1d0058_WYG_007-94a
007.md	1499	KR1d0058_WYG_007-94b
007.md	1507	KR1d0058_WYG_007-95a
007.md	1515	KR1d0058_WYG_007-95b
007.md	1523	KR1d0058_WYG_007-96a
007.md	1531	KR1d0058_WYG_007-96b
007.md	1539	KR1d0058_WYG_007-97a
007.md	1547	KR1d0058_WYG_007-97b
007.md	1555	KR1d0058_WYG_007-98a
007.md	1563	KR1d0058_WYG_007-98b
007.md	1571	KR1d0058_WYG_007-99a
007.md	1579	KR1d0058_WYG_007-99b
007.md	1587	KR1d0058_WYG_007-100a
007.md	1595	KR1d0058_WYG_007-100b
007.md	1603	KR1d0058_WYG_007-101a
007.md	1611	KR1d0058_WYG_007-101b
007.md	1619	KR1d0058_WYG_007-102a
007.md	1627	KR1d0058_WYG_007-102b
007.md	1635	KR1d0058_WYG_007-103a
007.md	1643	KR1d0058_WYG_007-103b
007.md	1651	KR1d0058_WYG_007-104a
007.md	1659	KR1d0058_WYG_007-104b
007.md	1667	KR1d0058_WYG_007-105a
007.md	1675	KR1d0058_WYG_007-105b
007.md	1683	KR1d0058_WYG_007-106a
007.md	1691	KR1d0058_WYG_007-106b
007.md	1699	KR1d0058_WYG_007-107a
007.md	1707	KR1d0058_WYG_007-107b
007.md	1715	KR1d0058_WYG_007-108a
007.md	1723	KR1d0058_WYG_007-108b
007.md	1731	KR1d0058_WYG_007-109a
007.md	1739	KR1d0058_WYG_007-109b
007.md	1747	KR1d0058_WYG_007-110a
007.md	1755	KR1d0058_WYG_007-110b
007.md	1763	KR1d0058_WYG_007-111a
007.md	1771	KR1d0058_WYG_007-111b
007.md	1779	KR1d0058_WYG_007-112a
007.md	1787	KR1d0058_WYG_007-112b
007.md	1795	KR1d0058_WYG_007-113a
007.md	1803	KR1d0058_WYG_007-113b
007.md	1811	KR1d0058_WYG_007-114a
007.md	1819	KR1d0058_WYG_007-114b
007.md	1827	KR1d0058_WYG_007-115a
007.md	1835	KR1d0058_WYG_007-115b
007.md	1843	KR1d0058_WYG_007-116a
007.md	1851	KR1d0058_WYG_007-116b
007.md	1859	KR1d0058_WYG_007-117a
007.md	1867	KR1d0058_WYG_007-117b
007.md	1875	KR1d0058_WYG_007-118a
007.md	1883	KR1d0058_WYG_007-118b
007.md	1891	KR1d0058_WYG_007-119a
007.md	1899	KR1d0058_WYG_007-119b
007.md	1907	KR1d0058_WYG_007-120a
007.md	1915	KR1d0058_WYG_007-120b
007.md	1923	KR1d0058_WYG_007-121a
007.md	1931	KR1d0058_WYG_007-121b
007.md	1939	KR1d0058_WYG_007-122a
007.md	1947	KR1d0058_WYG_007-122b
007.md	1955	KR1d0058_WYG_007-123a
007.md	1963	KR1d0058_WYG_007-123b
007.md	1971	KR1d0058_WYG_007-124a
007.md	1979	KR1d0058_WYG_007-124b
007.md	1987	KR1d0058_WYG_007-125a
007.md	1995	KR1d0058_WYG_007-125b
007.md	2003	KR1d0058_WYG_007-126a
007.md	2011	KR1d0058_WYG_007-126b
007.md	2019	KR1d0058_WYG_007-127a
007.md	2027	KR1d0058_WYG_007-127b
007.md	2035	KR1d0058_WYG_007-128a
007.md	2043	KR1d0058_WYG_007-128b
007.md	2051	KR1d0058_WYG_007-129a
007.md	2059	KR1d0058_WYG_007-129b
007.md	2067	KR1d0058_WYG_007-130a
007.md	2075	KR1d0058_WYG_007-130b
007.md	2083	KR1d0058_WYG_007-131a
007.md	2091	KR1d0058_WYG_007-131b
007.md	2099	KR1d0058_WYG_007-132a
007.md	2107	KR1d0058_WYG_007-132b
007.md	2115	KR1d0058_WYG_007-133a
007.md	2123	KR1d0058_WYG_007-133b
007.md	2131	KR1d0058_WYG_007-134a
007.md	2139	KR1d0058_WYG_007-134b
007.md	2147	KR1d0058_WYG_007-135a
007.md	2155	KR1d0058_WYG_007-135b
007.md	2163	KR1d0058_WYG_007-136a
007.md	2171	KR1d0058_WYG_007-136b
007.md	2179	KR1d0058_WYG_007-137a
007.md	2187	KR1d0058_WYG_007-137b
007.md	2195	KR1d0058_WYG_007-138a
007.md	2203	KR1d0058_WYG_007-138b
007.md	2211	KR1d0058_WYG_007-139a
007.md	2219	KR1d0058_WYG_007-139b
007.md	2227	KR1d0058_WYG_007-140a
007.md	2235	KR1d0058_WYG_007-140b
007.md	2243	KR1d0058_WYG_007-141a
007.md	2251	KR1d0058_WYG_007-141b
007.md	2259	KR1d0058_WYG_007-142a
007.md	2267	KR1d0058_WYG_007-142b
007.md	2275	KR1d0058_WYG_007-143a
007.md	2283	KR1d0058_WYG_007-143b
007.md	2291	KR1d0058_WYG_007-144a
007.md	2299	KR1d0058_WYG_007-144b
007.md	2307	KR1d0058_WYG_007-145a
007.md	2315	KR1d0058_WYG_007-145b
007.md	2323	KR1d0058_WYG_007-146a
007.md	2331	KR1d0058_WYG_007-146b
007.md	2339	KR1d0058_WYG_007-147a
007.md	2347	KR1d0058_WYG_007-147b
007.md	2355	KR1d0058_WYG_007-148a
007.md	2363	KR1d0058_WYG_007-148b
007.md	2371	KR1d0058_WYG_007-149a
007.md	2379	KR1d0058_WYG_007-149b
007.md	2387	KR1d0058_WYG_007-150a
007.md	2395	KR1d0058_WYG_007-150b
008.md	3	KR1d0058_WYG_008-1a
008.md	11	KR1d0058_WYG_008-1b
008.md	19	KR1d0058_WYG_008-2a
008.md	27	KR1d0058_WYG_008-2b
008.md	35	KR1d0058_WYG_008-3a
008.md	43	KR1d0058_WYG_008-3b
008.md	51	KR1d0058_WYG_008-4a
008.md	59	KR1d0058_WYG_008-4b
008.md	67	KR1d0058_WYG_008-5a
008.md	75	KR1d0058_WYG_008-5b
008.md	83	KR1d0058_WYG_008-6a
008.md	91	KR1d0058_WYG_008-6b
008.md	99	KR1d0058_WYG_008-7a
008.md	107	KR1d0058_WYG_008-7b
008.md	115	KR1d0058_WYG_008-8a
008.md	123	KR1d0058_WYG_008-8b
008.md	131	KR1d0058_WYG_008-9a
008.md	139	KR1d0058_WYG_008-9b
008.md	147	KR1d0058_WYG_008-10a
008.md	155	KR1d0058_WYG_008-10b
008.md	163	KR1d0058_WYG_008-11a
008.md	171	KR1d0058_WYG_008-11b
008.md	179	KR1d0058_WYG_008-12a
008.md	187	KR1d0058_WYG_008-12b
008.md	195	KR1d0058_WYG_008-13a
008.md	203	KR1d0058_WYG_008-13b
008.md	211	KR1d0058_WYG_008-14a
008.md	219	KR1d0058_WYG_008-14b
008.md	227	KR1d0058_WYG_008-15a
008.md	235	KR1d0058_WYG_008-15b
008.md	243	KR1d0058_WYG_008-16a
008.md	251	KR1d0058_WYG_008-16b
008.md	259	KR1d0058_WYG_008-17a
008.md	267	KR1d0058_WYG_008-17b
008.md	275	KR1d0058_WYG_008-18a
008.md	283	KR1d0058_WYG_008-18b
008.md	291	KR1d0058_WYG_008-19a
008.md	299	KR1d0058_WYG_008-19b
008.md	307	KR1d0058_WYG_008-20a
008.md	315	KR1d0058_WYG_008-20b
008.md	323	KR1d0058_WYG_008-21a
008.md	331	KR1d0058_WYG_008-21b
008.md	339	KR1d0058_WYG_008-22a
008.md	347	KR1d0058_WYG_008-22b
008.md	355	KR1d0058_WYG_008-23a
008.md	363	KR1d0058_WYG_008-23b
008.md	371	KR1d0058_WYG_008-24a
008.md	379	KR1d0058_WYG_008-24b
008.md	387	KR1d0058_WYG_008-25a
008.md	395	KR1d0058_WYG_008-25b
008.md	403	KR1d0058_WYG_008-26a
008.md	411	KR1d0058_WYG_008-26b
008.md	419	KR1d0058_WYG_008-27a
008.md	427	KR1d0058_WYG_008-27b
008.md	435	KR1d0058_WYG_008-28a
008.md	443	KR1d0058_WYG_008-28b
008.md	451	KR1d0058_WYG_008-29a
008.md	459	KR1d0058_WYG_008-29b
008.md	467	KR1d0058_WYG_008-30a
008.md	475	KR1d0058_WYG_008-30b
008.md	483	KR1d0058_WYG_008-31a
008.md	491	KR1d0058_WYG_008-31b
008.md	499	KR1d0058_WYG_008-32a
008.md	507	KR1d0058_WYG_008-32b
008.md	515	KR1d0058_WYG_008-33a
008.md	523	KR1d0058_WYG_008-33b
008.md	531	KR1d0058_WYG_008-34a
008.md	539	KR1d0058_WYG_008-34b
008.md	547	KR1d0058_WYG_008-35a
008.md	555	KR1d0058_WYG_008-35b
008.md	563	KR1d0058_WYG_008-36a
008.md	571	KR1d0058_WYG_008-36b
008.md	579	KR1d0058_WYG_008-37a
008.md	587	KR1d0058_WYG_008-37b
008.md	595	KR1d0058_WYG_008-38a
008.md	603	KR1d0058_WYG_008-38b
008.md	611	KR1d0058_WYG_008-39a
008.md	619	KR1d0058_WYG_008-39b
008.md	627	KR1d0058_WYG_008-40a
008.md	635	KR1d0058_WYG_008-40b
008.md	643	KR1d0058_WYG_008-41a
008.md	651	KR1d0058_WYG_008-41b
008.md	659	KR1d0058_WYG_008-42a
008.md	667	KR1d0058_WYG_008-42b
008.md	675	KR1d0058_WYG_008-43a
008.md	683	KR1d0058_WYG_008-43b
008.md	691	KR1d0058_WYG_008-44a
008.md	699	KR1d0058_WYG_008-44b
008.md	707	KR1d0058_WYG_008-45a
008.md	715	KR1d0058_WYG_008-45b
008.md	723	KR1d0058_WYG_008-46a
008.md	731	KR1d0058_WYG_008-46b
008.md	739	KR1d0058_WYG_008-47a
008.md	747	KR1d0058_WYG_008-47b
008.md	755	KR1d0058_WYG_008-48a
008.md	763	KR1d0058_WYG_008-48b
008.md	771	KR1d0058_WYG_008-49a
008.md	779	KR1d0058_WYG_008-49b
008.md	787	KR1d0058_WYG_008-50a
008.md	795	KR1d0058_WYG_008-50b
008.md	803	KR1d0058_WYG_008-51a
008.md	811	KR1d0058_WYG_008-51b
008.md	819	KR1d0058_WYG_008-52a
008.md	827	KR1d0058_WYG_008-52b
008.md	835	KR1d0058_WYG_008-53a
008.md	843	KR1d0058_WYG_008-53b
008.md	851	KR1d0058_WYG_008-54a
008.md	859	KR1d0058_WYG_008-54b
008.md	867	KR1d0058_WYG_008-55a
008.md	875	KR1d0058_WYG_008-55b
008.md	883	KR1d0058_WYG_008-56a
008.md	891	KR1d0058_WYG_008-56b
008.md	899	KR1d0058_WYG_008-57a
008.md	907	KR1d0058_WYG_008-57b
008.md	915	KR1d0058_WYG_008-58a
008.md	923	KR1d0058_WYG_008-58b
008.md	931	KR1d0058_WYG_008-59a
008.md	939	KR1d0058_WYG_008-59b
008.md	947	KR1d0058_WYG_008-60a
008.md	955	KR1d0058_WYG_008-60b
008.md	963	KR1d0058_WYG_008-61a
008.md	971	KR1d0058_WYG_008-61b
008.md	979	KR1d0058_WYG_008-62a
008.md	987	KR1d0058_WYG_008-62b
009.md	3	KR1d0058_WYG_009-1a
009.md	11	KR1d0058_WYG_009-1b
009.md	19	KR1d0058_WYG_009-2a
009.md	27	KR1d0058_WYG_009-2b
009.md	35	KR1d0058_WYG_009-3a
009.md	43	KR1d0058_WYG_009-3b
009.md	51	KR1d0058_WYG_009-4a
009.md	59	KR1d0058_WYG_009-4b
009.md	67	KR1d0058_WYG_009-5a
009.md	75	KR1d0058_WYG_009-5b
009.md	83	KR1d0058_WYG_009-6a
009.md	91	KR1d0058_WYG_009-6b
009.md	99	KR1d0058_WYG_009-7a
009.md	107	KR1d0058_WYG_009-7b
009.md	115	KR1d0058_WYG_009-8a
009.md	123	KR1d0058_WYG_009-8b
009.md	131	KR1d0058_WYG_009-9a
009.md	139	KR1d0058_WYG_009-9b
009.md	147	KR1d0058_WYG_009-10a
009.md	155	KR1d0058_WYG_009-10b
009.md	163	KR1d0058_WYG_009-11a
009.md	171	KR1d0058_WYG_009-11b
009.md	179	KR1d0058_WYG_009-12a
009.md	187	KR1d0058_WYG_009-12b
009.md	195	KR1d0058_WYG_009-13a
009.md	203	KR1d0058_WYG_009-13b
009.md	211	KR1d0058_WYG_009-14a
009.md	219	KR1d0058_WYG_009-14b
009.md	227	KR1d0058_WYG_009-15a
009.md	235	KR1d0058_WYG_009-15b
009.md	243	KR1d0058_WYG_009-16a
009.md	251	KR1d0058_WYG_009-16b
009.md	259	KR1d0058_WYG_009-17a
009.md	267	KR1d0058_WYG_009-17b
009.md	275	KR1d0058_WYG_009-18a
009.md	283	KR1d0058_WYG_009-18b
009.md	291	KR1d0058_WYG_009-19a
009.md	299	KR1d0058_WYG_009-19b
009.md	307	KR1d0058_WYG_009-20a
009.md	315	KR1d0058_WYG_009-20b
009.md	323	KR1d0058_WYG_009-21a
009.md	331	KR1d0058_WYG_009-21b
009.md	339	KR1d0058_WYG_009-22a
009.md	347	KR1d0058_WYG_009-22b
009.md	355	KR1d0058_WYG_009-23a
009.md	363	KR1d0058_WYG_009-23b
009.md	371	KR1d0058_WYG_009-24a
009.md	379	KR1d0058_WYG_009-24b
009.md	387	KR1d0058_WYG_009-25a
009.md	395	KR1d0058_WYG_009-25b
009.md	403	KR1d0058_WYG_009-26a
009.md	411	KR1d0058_WYG_009-26b
009.md	419	KR1d0058_WYG_009-27a
009.md	427	KR1d0058_WYG_009-27b
009.md	435	KR1d0058_WYG_009-28a
009.md	443	KR1d0058_WYG_009-28b
009.md	451	KR1d0058_WYG_009-29a
009.md	459	KR1d0058_WYG_009-29b
009.md	467	KR1d0058_WYG_009-30a
009.md	475	KR1d0058_WYG_009-30b
009.md	483	KR1d0058_WYG_009-31a
009.md	491	KR1d0058_WYG_009-31b
009.md	499	KR1d0058_WYG_009-32a
009.md	507	KR1d0058_WYG_009-32b
009.md	515	KR1d0058_WYG_009-33a
009.md	523	KR1d0058_WYG_009-33b
009.md	531	KR1d0058_WYG_009-34a
009.md	539	KR1d0058_WYG_009-34b
009.md	547	KR1d0058_WYG_009-35a
009.md	555	KR1d0058_WYG_009-35b
009.md	563	KR1d0058_WYG_009-36a
009.md	571	KR1d0058_WYG_009-36b
009.md	579	KR1d0058_WYG_009-37a
009.md	587	KR1d0058_WYG_009-37b
009.md	595	KR1d0058_WYG_009-38a
009.md	603	KR1d0058_WYG_009-38b
009.md	611	KR1d0058_WYG_009-39a
009.md	619	KR1d0058_WYG_009-39b
009.md	627	KR1d0058_WYG_009-40a
009.md	635	KR1d0058_WYG_009-40b
009.md	643	KR1d0058_WYG_009-41a
009.md	651	KR1d0058_WYG_009-41b
009.md	659	KR1d0058_WYG_009-42a
009.md	667	KR1d0058_WYG_009-42b
010.md	3	KR1d0058_WYG_010-1a
010.md	11	KR1d0058_WYG_010-1b
010.md	19	KR1d0058_WYG_010-2a
010.md	27	KR1d0058_WYG_010-2b
010.md	35	KR1d0058_WYG_010-3a
010.md	43	KR1d0058_WYG_010-3b
010.md	51	KR1d0058_WYG_010-4a
010.md	59	KR1d0058_WYG_010-4b
010.md	67	KR1d0058_WYG_010-5a
010.md	75	KR1d0058_WYG_010-5b
010.md	83	KR1d0058_WYG_010-6a
010.md	91	KR1d0058_WYG_010-6b
010.md	99	KR1d0058_WYG_010-7a
010.md	107	KR1d0058_WYG_010-7b
010.md	115	KR1d0058_WYG_010-8a
010.md	123	KR1d0058_WYG_010-8b
010.md	131	KR1d0058_WYG_010-9a
010.md	139	KR1d0058_WYG_010-9b
010.md	147	KR1d0058_WYG_010-10a
010.md	155	KR1d0058_WYG_010-10b
010.md	163	KR1d0058_WYG_010-11a
010.md	171	KR1d0058_WYG_010-11b
010.md	179	KR1d0058_WYG_010-12a
010.md	187	KR1d0058_WYG_010-12b
010.md	195	KR1d0058_WYG_010-13a
010.md	203	KR1d0058_WYG_010-13b
010.md	211	KR1d0058_WYG_010-14a
010.md	219	KR1d0058_WYG_010-14b
010.md	227	KR1d0058_WYG_010-15a
010.md	235	KR1d0058_WYG_010-15b
010.md	243	KR1d0058_WYG_010-16a
010.md	251	KR1d0058_WYG_010-16b
010.md	259	KR1d0058_WYG_010-17a
010.md	267	KR1d0058_WYG_010-17b
010.md	275	KR1d0058_WYG_010-18a
010.md	283	KR1d0058_WYG_010-18b
010.md	291	KR1d0058_WYG_010-19a
010.md	299	KR1d0058_WYG_010-19b
010.md	307	KR1d0058_WYG_010-20a
010.md	315	KR1d0058_WYG_010-20b
010.md	323	KR1d0058_WYG_010-21a
010.md	331	KR1d0058_WYG_010-21b
010.md	339	KR1d0058_WYG_010-22a
010.md	347	KR1d0058_WYG_010-22b
010.md	355	KR1d0058_WYG_010-23a
010.md	363	KR1d0058_WYG_010-23b
010.md	371	KR1d0058_WYG_010-24a
010.md	379	KR1d0058_WYG_010-24b
010.md	387	KR1d0058_WYG_010-25a
010.md	395	KR1d0058_WYG_010-25b
010.md	403	KR1d0058_WYG_010-26a
010.md	411	KR1d0058_WYG_010-26b
010.md	419	KR1d0058_WYG_010-27a
010.md	427	KR1d0058_WYG_010-27b
010.md	435	KR1d0058_WYG_010-28a
010.md	443	KR1d0058_WYG_010-28b
010.md	451	KR1d0058_WYG_010-29a
010.md	459	KR1d0058_WYG_010-29b
010.md	467	KR1d0058_WYG_010-30a
010.md	475	KR1d0058_WYG_010-30b
010.md	483	KR1d0058_WYG_010-31a
010.md	491	KR1d0058_WYG_010-31b
010.md	499	KR1d0058_WYG_010-32a
010.md	507	KR1d0058_WYG_010-32b
010.md	515	KR1d0058_WYG_010-33a
010.md	523	KR1d0058_WYG_010-33b
010.md	531	KR1d0058_WYG_010-34a
010.md	539	KR1d0058_WYG_010-34b
010.md	547	KR1d0058_WYG_010-35a
010.md	555	KR1d0058_WYG_010-35b
010.md	563	KR1d0058_WYG_010-36a
010.md	571	KR1d0058_WYG_010-36b
010.md	579	KR1d0058_WYG_010-37a
010.md	587	KR1d0058_WYG_010-37b
010.md	595	KR1d0058_WYG_010-38a
010.md	603	KR1d0058_WYG_010-38b
010.md	611	KR1d0058_WYG_010-39a
010.md	619	KR1d0058_WYG_010-39b
010.md	627	KR1d0058_WYG_010-40a
010.md	635	KR1d0058_WYG_010-40b
010.md	643	KR1d0058_WYG_010-41a
010.md	651	KR1d0058_WYG_010-41b
010.md	659	KR1d0058_WYG_010-42a
010.md	667	KR1d0058_WYG_010-42b
010.md	675	KR1d0058_WYG_010-43a
010.md	683	KR1d0058_WYG_010-43b
010.md	691	KR1d0058_WYG_010-44a
010.md	699	KR1d0058_WYG_010-44b
010.md	707	KR1d0058_WYG_010-45a
010.md	715	KR1d0058_WYG_010-45b
010.md	723	KR1d0058_WYG_010-46a
010.md	731	KR1d0058_WYG_010-46b
010.md	739	KR1d0058_WYG_010-47a
010.md	747	KR1d0058_WYG_010-47b
010.md	755	KR1d0058_WYG_010-48a
010.md	763	KR1d0058_WYG_010-48b
010.md	771	KR1d0058_WYG_010-49a
010.md	779	KR1d0058_WYG_010-49b
010.md	787	KR1d0058_WYG_010-50a
010.md	795	KR1d0058_WYG_010-50b
010.md	803	KR1d0058_WYG_010-51a
010.md	811	KR1d0058_WYG_010-51b
010.md	819	KR1d0058_WYG_010-52a
010.md	827	KR1d0058_WYG_010-52b
010.md	835	KR1d0058_WYG_010-53a
010.md	843	KR1d0058_WYG_010-53b
010.md	851	KR1d0058_WYG_010-54a
010.md	859	KR1d0058_WYG_010-54b
010.md	867	KR1d0058_WYG_010-55a
010.md	875	KR1d0058_WYG_010-55b
010.md	883	KR1d0058_WYG_010-56a
010.md	891	KR1d0058_WYG_010-56b
010.md	899	KR1d0058_WYG_010-57a
010.md	907	KR1d0058_WYG_010-57b
010.md	915	KR1d0058_WYG_010-58a
010.md	923	KR1d0058_WYG_010-58b
010.md	931	KR1d0058_WYG_010-59a
010.md	939	KR1d0058_WYG_010-59b
010.md	947	KR1d0058_WYG_010-60a
010.md	955	KR1d0058_WYG_010-60b
010.md	963	KR1d0058_WYG_010-61a
010.md	971	KR1d0058_WYG_010-61b
010.md	979	KR1d0058_WYG_010-62a
010.md	987	KR1d0058_WYG_010-62b
010.md	995	KR1d0058_WYG_010-63a
010.md	1003	KR1d0058_WYG_010-63b
010.md	1011	KR1d0058_WYG_010-64a
010.md	1019	KR1d0058_WYG_010-64b
010.md	1027	KR1d0058_WYG_010-65a
010.md	1035	KR1d0058_WYG_010-65b
010.md	1043	KR1d0058_WYG_010-66a
010.md	1051	KR1d0058_WYG_010-66b
010.md	1059	KR1d0058_WYG_010-67a
010.md	1067	KR1d0058_WYG_010-67b
010.md	1075	KR1d0058_WYG_010-68a
010.md	1083	KR1d0058_WYG_010-68b
010.md	1091	KR1d0058_WYG_010-69a
010.md	1099	KR1d0058_WYG_010-69b
010.md	1107	KR1d0058_WYG_010-70a
010.md	1115	KR1d0058_WYG_010-70b
010.md	1123	KR1d0058_WYG_010-71a
010.md	1131	KR1d0058_WYG_010-71b
010.md	1139	KR1d0058_WYG_010-72a
010.md	1147	KR1d0058_WYG_010-72b
010.md	1155	KR1d0058_WYG_010-73a
010.md	1163	KR1d0058_WYG_010-73b
010.md	1171	KR1d0058_WYG_010-74a
010.md	1179	KR1d0058_WYG_010-74b
010.md	1187	KR1d0058_WYG_010-75a
010.md	1195	KR1d0058_WYG_010-75b
010.md	1203	KR1d0058_WYG_010-76a
010.md	1211	KR1d0058_WYG_010-76b
010.md	1219	KR1d0058_WYG_010-77a
010.md	1227	KR1d0058_WYG_010-77b
010.md	1235	KR1d0058_WYG_010-78a
010.md	1243	KR1d0058_WYG_010-78b
010.md	1251	KR1d0058_WYG_010-79a
010.md	1259	KR1d0058_WYG_010-79b
010.md	1267	KR1d0058_WYG_010-80a
010.md	1275	KR1d0058_WYG_010-80b
010.md	1283	KR1d0058_WYG_010-81a
010.md	1291	KR1d0058_WYG_010-81b
010.md	1299	KR1d0058_WYG_010-82a
010.md	1307	KR1d0058_WYG_010-82b
010.md	1315	KR1d0058_WYG_010-83a
010.md	1323	KR1d0058_WYG_010-83b
010.md	1331	KR1d0058_WYG_010-84a
010.md	1339	KR1d0058_WYG_010-84b
010.md	1347	KR1d0058_WYG_010-85a
010.md	1355	KR1d0058_WYG_010-85b
010.md	1363	KR1d0058_WYG_010-86a
010.md	1371	KR1d0058_WYG_010-86b
010.md	1379	KR1d0058_WYG_010-87a
010.md	1387	KR1d0058_WYG_010-87b
010.md	1395	KR1d0058_WYG_010-88a
010.md	1403	KR1d0058_WYG_010-88b
010.md	1411	KR1d0058_WYG_010-89a
010.md	1419	KR1d0058_WYG_010-89b
010.md	1427	KR1d0058_WYG_010-90a
010.md	1435	KR1d0058_WYG_010-90b
010.md	1443	KR1d0058_WYG_010-91a
010.md	1451	KR1d0058_WYG_010-91b
010.md	1459	KR1d0058_WYG_010-92a
010.md	1467	KR1d0058_WYG_010-92b
010.md	1475	KR1d0058_WYG_010-93a
010.md	1483	KR1d0058_WYG_010-93b
010.md	1491	KR1d0058_WYG_010-94a
010.md	1499	KR1d0058_WYG_010-94b
010.md	1507	KR1d0058_WYG_010-95a
010.md	1515	KR1d0058_WYG_010-95b
010.md	1523	KR1d0058_WYG_010-96a
010.md	1531	KR1d0058_WYG_010-96b
010.md	1539	KR1d0058_WYG_010-97a
010.md	1547	KR1d0058_WYG_010-97b
010.md	1555	KR1d0058_WYG_010-98a
010.md	1563	KR1d0058_WYG_010-98b
011.md	3	KR1d0058_WYG_011-1a
011.md	11	KR1d0058_WYG_011-1b
011.md	19	KR1d0058_WYG_011-2a
011.md	27	KR1d0058_WYG_011-2b
011.md	35	KR1d0058_WYG_011-3a
011.md	43	KR1d0058_WYG_011-3b
011.md	51	KR1d0058_WYG_011-4a
011.md	59	KR1d0058_WYG_011-4b
011.md	67	KR1d0058_WYG_011-5a
011.md	75	KR1d0058_WYG_011-5b
011.md	83	KR1d0058_WYG_011-6a
011.md	91	KR1d0058_WYG_011-6b
011.md	99	KR1d0058_WYG_011-7a
011.md	107	KR1d0058_WYG_011-7b
011.md	115	KR1d0058_WYG_011-8a
011.md	123	KR1d0058_WYG_011-8b
011.md	131	KR1d0058_WYG_011-9a
011.md	139	KR1d0058_WYG_011-9b
011.md	147	KR1d0058_WYG_011-10a
011.md	155	KR1d0058_WYG_011-10b
011.md	163	KR1d0058_WYG_011-11a
011.md	171	KR1d0058_WYG_011-11b
011.md	179	KR1d0058_WYG_011-12a
011.md	187	KR1d0058_WYG_011-12b
011.md	195	KR1d0058_WYG_011-13a
011.md	203	KR1d0058_WYG_011-13b
011.md	211	KR1d0058_WYG_011-14a
011.md	219	KR1d0058_WYG_011-14b
011.md	227	KR1d0058_WYG_011-15a
011.md	235	KR1d0058_WYG_011-15b
011.md	243	KR1d0058_WYG_011-16a
011.md	251	KR1d0058_WYG_011-16b
011.md	259	KR1d0058_WYG_011-17a
011.md	267	KR1d0058_WYG_011-17b
011.md	275	KR1d0058_WYG_011-18a
011.md	283	KR1d0058_WYG_011-18b
011.md	291	KR1d0058_WYG_011-19a
011.md	299	KR1d0058_WYG_011-19b
011.md	307	KR1d0058_WYG_011-20a
011.md	315	KR1d0058_WYG_011-20b
011.md	323	KR1d0058_WYG_011-21a
011.md	331	KR1d0058_WYG_011-21b
011.md	339	KR1d0058_WYG_011-22a
011.md	347	KR1d0058_WYG_011-22b
011.md	355	KR1d0058_WYG_011-23a
011.md	363	KR1d0058_WYG_011-23b
011.md	371	KR1d0058_WYG_011-24a
011.md	379	KR1d0058_WYG_011-24b
011.md	387	KR1d0058_WYG_011-25a
011.md	395	KR1d0058_WYG_011-25b
011.md	403	KR1d0058_WYG_011-26a
011.md	411	KR1d0058_WYG_011-26b
011.md	419	KR1d0058_WYG_011-27a
011.md	427	KR1d0058_WYG_011-27b
011.md	435	KR1d0058_WYG_011-28a
011.md	443	KR1d0058_WYG_011-28b
011.md	451	KR1d0058_WYG_011-29a
011.md	459	KR1d0058_WYG_011-29b
011.md	467	KR1d0058_WYG_011-30a
011.md	475	KR1d0058_WYG_011-30b
011.md	483	KR1d0058_WYG_011-31a
011.md	491	KR1d0058_WYG_011-31b
011.md	499	KR1d0058_WYG_011-32a
011.md	507	KR1d0058_WYG_011-32b
011.md	515	KR1d0058_WYG_011-33a
011.md	523	KR1d0058_WYG_011-33b
011.md	531	KR1d0058_WYG_011-34a
011.md	539	KR1d0058_WYG_011-34b
011.md	547	KR1d0058_WYG_011-35a
011.md	555	KR1d0058_WYG_011-35b
011.md	563	KR1d0058_WYG_011-36a
011.md	571	KR1d0058_WYG_011-36b
011.md	579	KR1d0058_WYG_011-37a
011.md	587	KR1d0058_WYG_011-37b
011.md	595	KR1d0058_WYG_011-38a
011.md	603	KR1d0058_WYG_011-38b
011.md	611	KR1d0058_WYG_011-39a
011.md	619	KR1d0058_WYG_011-39b
011.md	627	KR1d0058_WYG_011-40a
011.md	635	KR1d0058_WYG_011-40b
011.md	643	KR1d0058_WYG_011-41a
011.md	651	KR1d0058_WYG_011-41b
011.md	659	KR1d0058_WYG_011-42a
011.md	667	KR1d0058_WYG_011-42b
011.md	675	KR1d0058_WYG_011-43a
011.md	683	KR1d0058_WYG_011-43b
011.md	691	KR1d0058_WYG_011-44a
011.md	699	KR1d0058_WYG_011-44b
011.md	707	KR1d0058_WYG_011-45a
011.md	715	KR1d0058_WYG_011-45b
011.md	723	KR1d0058_WYG_011-46a
011.md	731	KR1d0058_WYG_011-46b
011.md	739	KR1d0058_WYG_011-47a
011.md	747	KR1d0058_WYG_011-47b
011.md	755	KR1d0058_WYG_011-48a
011.md	763	KR1d0058_WYG_011-48b
011.md	771	KR1d0058_WYG_011-49a
011.md	779	KR1d0058_WYG_011-49b
011.md	787	KR1d0058_WYG_011-50a
011.md	795	KR1d0058_WYG_011-50b
011.md	803	KR1d0058_WYG_011-51a
011.md	811	KR1d0058_WYG_011-51b
011.md	819	KR1d0058_WYG_011-52a
011.md	827	KR1d0058_WYG_011-52b
011.md	835	KR1d0058_WYG_011-53a
011.md	843	KR1d0058_WYG_011-53b
011.md	851	KR1d0058_WYG_011-54a
011.md	859	KR1d0058_WYG_011-54b
011.md	867	KR1d0058_WYG_011-55a
011.md	875	KR1d0058_WYG_011-55b
011.md	883	KR1d0058_WYG_011-56a
011.md	891	KR1d0058_WYG_011-56b
011.md	899	KR1d0058_WYG_011-57a
011.md	907	KR1d0058_WYG_011-57b
011.md	915	KR1d0058_WYG_011-58a
011.md	923	KR1d0058_WYG_011-58b
011.md	931	KR1d0058_WYG_011-59a
011.md	939	KR1d0058_WYG_011-59b
011.md	947	KR1d0058_WYG_011-60a
011.md	955	KR1d0058_WYG_011-60b
011.md	963	KR1d0058_WYG_011-61a
011.md	971	KR1d0058_WYG_011-61b
011.md	979	KR1d0058_WYG_011-62a
011.md	987	KR1d0058_WYG_011-62b
011.md	995	KR1d0058_WYG_011-63a
011.md	1003	KR1d0058_WYG_011-63b
011.md	1011	KR1d0058_WYG_011-64a
011.md	1019	KR1d0058_WYG_011-64b
011.md	1027	KR1d0058_WYG_011-65a
011.md	1035	KR1d0058_WYG_011-65b
011.md	1043	KR1d0058_WYG_011-66a
011.md	1051	KR1d0058_WYG_011-66b
011.md	1059	KR1d0058_WYG_011-67a
011.md	1067	KR1d0058_WYG_011-67b
011.md	1075	KR1d0058_WYG_011-68a
011.md	1083	KR1d0058_WYG_011-68b
011.md	1091	KR1d0058_WYG_011-69a
011.md	1099	KR1d0058_WYG_011-69b
011.md	1107	KR1d0058_WYG_011-70a
011.md	1115	KR1d0058_WYG_011-70b
011.md	1123	KR1d0058_WYG_011-71a
011.md	1131	KR1d0058_WYG_011-71b
011.md	1139	KR1d0058_WYG_011-72a
011.md	1147	KR1d0058_WYG_011-72b
011.md	1155	KR1d0058_WYG_011-73a
011.md	1163	KR1d0058_WYG_011-73b
011.md	1171	KR1d0058_WYG_011-74a
011.md	1179	KR1d0058_WYG_011-74b
011.md	1187	KR1d0058_WYG_011-75a
011.md	1195	KR1d0058_WYG_011-75b
011.md	1203	KR1d0058_WYG_011-76a
011.md	1211	KR1d0058_WYG_011-76b
011.md	1219	KR1d0058_WYG_011-77a
011.md	1227	KR1d0058_WYG_011-77b
011.md	1235	KR1d0058_WYG_011-78a
011.md	1243	KR1d0058_WYG_011-78b
011.md	1251	KR1d0058_WYG_011-79a
011.md	1259	KR1d0058_WYG_011-79b
011.md	1267	KR1d0058_WYG_011-80a
011.md	1275	KR1d0058_WYG_011-80b
011.md	1283	KR1d0058_WYG_011-81a
011.md	1291	KR1d0058_WYG_011-81b
011.md	1299	KR1d0058_WYG_011-82a
011.md	1307	KR1d0058_WYG_011-82b
011.md	1315	KR1d0058_WYG_011-83a
011.md	1323	KR1d0058_WYG_011-83b
011.md	1331	KR1d0058_WYG_011-84a
011.md	1339	KR1d0058_WYG_011-84b
011.md	1347	KR1d0058_WYG_011-85a
011.md	1355	KR1d0058_WYG_011-85b
011.md	1363	KR1d0058_WYG_011-86a
011.md	1371	KR1d0058_WYG_011-86b
011.md	1379	KR1d0058_WYG_011-87a
011.md	1387	KR1d0058_WYG_011-87b
011.md	1395	KR1d0058_WYG_011-88a
011.md	1403	KR1d0058_WYG_011-88b
011.md	1411	KR1d0058_WYG_011-89a
011.md	1419	KR1d0058_WYG_011-89b
011.md	1427	KR1d0058_WYG_011-90a
011.md	1435	KR1d0058_WYG_011-90b
011.md	1443	KR1d0058_WYG_011-91a
011.md	1451	KR1d0058_WYG_011-91b
011.md	1459	KR1d0058_WYG_011-92a
011.md	1467	KR1d0058_WYG_011-92b
011.md	1475	KR1d0058_WYG_011-93a
011.md	1483	KR1d0058_WYG_011-93b
011.md	1491	KR1d0058_WYG_011-94a
011.md	1499	KR1d0058_WYG_011-94b
011.md	1507	KR1d0058_WYG_011-95a
011.md	1515	KR1d0058_WYG_011-95b
011.md	1523	KR1d0058_WYG_011-96a
011.md	1531	KR1d0058_WYG_011-96b
011.md	1539	KR1d0058_WYG_011-97a
011.md	1547	KR1d0058_WYG_011-97b
011.md	1555	KR1d0058_WYG_011-98a
011.md	1563	KR1d0058_WYG_011-98b
011.md	1571	KR1d0058_WYG_011-99a
011.md	1579	KR1d0058_WYG_011-99b
011.md	1587	KR1d0058_WYG_011-100a
011.md	1595	KR1d0058_WYG_011-100b
011.md	1603	KR1d0058_WYG_011-101a
011.md	1611	KR1d0058_WYG_011-101b
011.md	1619	KR1d0058_WYG_011-102a
011.md	1627	KR1d0058_WYG_011-102b
011.md	1635	KR1d0058_WYG_011-103a
011.md	1643	KR1d0058_WYG_011-103b
011.md	1651	KR1d0058_WYG_011-104a
011.md	1659	KR1d0058_WYG_011-104b
011.md	1667	KR1d0058_WYG_011-105a
011.md	1675	KR1d0058_WYG_011-105b
011.md	1683	KR1d0058_WYG_011-106a
011.md	1691	KR1d0058_WYG_011-106b
011.md	1699	KR1d0058_WYG_011-107a
011.md	1707	KR1d0058_WYG_011-107b
011.md	1715	KR1d0058_WYG_011-108a
011.md	1723	KR1d0058_WYG_011-108b
011.md	1731	KR1d0058_WYG_011-109a
011.md	1739	KR1d0058_WYG_011-109b
011.md	1747	KR1d0058_WYG_011-110a
011.md	1755	KR1d0058_WYG_011-110b
011.md	1763	KR1d0058_WYG_011-111a
011.md	1771	KR1d0058_WYG_011-111b
011.md	1779	KR1d0058_WYG_011-112a
011.md	1787	KR1d0058_WYG_011-112b
011.md	1795	KR1d0058_WYG_011-113a
011.md	1803	KR1d0058_WYG_011-113b
011.md	1811	KR1d0058_WYG_011-114a
011.md	1819	KR1d0058_WYG_011-114b
011.md	1827	KR1d0058_WYG_011-115a
011.md	1835	KR1d0058_WYG_011-115b
011.md	1843	KR1d0058_WYG_011-116a
011.md	1851	KR1d0058_WYG_011-116b
011.md	1859	KR1d0058_WYG_011-117a
011.md	1867	KR1d0058_WYG_011-117b
011.md	1875	KR1d0058_WYG_011-118a
011.md	1883	KR1d0058_WYG_011-118b
011.md	1891	KR1d0058_WYG_011-119a
011.md	1899	KR1d0058_WYG_011-119b
011.md	1907	KR1d0058_WYG_011-120a
011.md	1915	KR1d0058_WYG_011-120b
011.md	1923	KR1d0058_WYG_011-121a
011.md	1931	KR1d0058_WYG_011-121b
011.md	1939	KR1d0058_WYG_011-122a
011.md	1947	KR1d0058_WYG_011-122b
011.md	1955	KR1d0058_WYG_011-123a
011.md	1963	KR1d0058_WYG_011-123b
011.md	1971	KR1d0058_WYG_011-124a
011.md	1979	KR1d0058_WYG_011-124b
011.md	1987	KR1d0058_WYG_011-125a
011.md	1995	KR1d0058_WYG_011-125b
011.md	2003	KR1d0058_WYG_011-126a
011.md	2011	KR1d0058_WYG_011-126b
011.md	2019	KR1d0058_WYG_011-127a
011.md	2027	KR1d0058_WYG_011-127b
011.md	2035	KR1d0058_WYG_011-128a
011.md	2043	KR1d0058_WYG_011-128b
011.md	2051	KR1d0058_WYG_011-129a
011.md	2059	KR1d0058_WYG_011-129b
011.md	2067	KR1d0058_WYG_011-130a
011.md	2075	KR1d0058_WYG_011-130b
011.md	2083	KR1d0058_WYG_011-131a
011.md	2091	KR1d0058_WYG_011-131b
011.md	2099	KR1d0058_WYG_011-132a
011.md	2107	KR1d0058_WYG_011-132b
011.md	2115	KR1d0058_WYG_011-133a
011.md	2123	KR1d0058_WYG_011-133b
011.md	2131	KR1d0058_WYG_011-134a
011.md	2139	KR1d0058_WYG_011-134b
011.md	2147	KR1d0058_WYG_011-135a
011.md	2155	KR1d0058_WYG_011-135b
011.md	2163	KR1d0058_WYG_011-136a
011.md	2171	KR1d0058_WYG_011-136b
011.md	2179	KR1d0058_WYG_011-137a
011.md	2187	KR1d0058_WYG_011-137b
011.md	2195	KR1d0058_WYG_011-138a
011.md	2203	KR1d0058_WYG_011-138b
011.md	2211	KR1d0058_WYG_011-139a
011.md	2219	KR1d0058_WYG_011-139b
011.md	2227	KR1d0058_WYG_011-140a
011.md	2235	KR1d0058_WYG_011-140b
011.md	2243	KR1d0058_WYG_011-141a
011.md	2251	KR1d0058_WYG_011-141b
011.md	2259	KR1d0058_WYG_011-142a
011.md	2267	KR1d0058_WYG_011-142b
011.md	2275	KR1d0058_WYG_011-143a
011.md	2283	KR1d0058_WYG_011-143b
011.md	2291	KR1d0058_WYG_011-144a
011.md	2299	KR1d0058_WYG_011-144b
011.md	2307	KR1d0058_WYG_011-145a
011.md	2315	KR1d0058_WYG_011-145b
011.md	2323	KR1d0058_WYG_011-146a
011.md	2331	KR1d0058_WYG_011-146b
012.md	3	KR1d0058_WYG_012-1a
012.md	11	KR1d0058_WYG_012-1b
012.md	19	KR1d0058_WYG_012-2a
012.md	27	KR1d0058_WYG_012-2b
012.md	35	KR1d0058_WYG_012-3a
012.md	43	KR1d0058_WYG_012-3b
012.md	51	KR1d0058_WYG_012-4a
012.md	59	KR1d0058_WYG_012-4b
012.md	67	KR1d0058_WYG_012-5a
012.md	75	KR1d0058_WYG_012-5b
012.md	83	KR1d0058_WYG_012-6a
012.md	91	KR1d0058_WYG_012-6b
012.md	99	KR1d0058_WYG_012-7a
012.md	107	KR1d0058_WYG_012-7b
012.md	115	KR1d0058_WYG_012-8a
012.md	123	KR1d0058_WYG_012-8b
012.md	131	KR1d0058_WYG_012-9a
012.md	139	KR1d0058_WYG_012-9b
012.md	147	KR1d0058_WYG_012-10a
012.md	155	KR1d0058_WYG_012-10b
012.md	163	KR1d0058_WYG_012-11a
012.md	171	KR1d0058_WYG_012-11b
012.md	179	KR1d0058_WYG_012-12a
012.md	187	KR1d0058_WYG_012-12b
012.md	195	KR1d0058_WYG_012-13a
012.md	203	KR1d0058_WYG_012-13b
012.md	211	KR1d0058_WYG_012-14a
012.md	219	KR1d0058_WYG_012-14b
012.md	227	KR1d0058_WYG_012-15a
012.md	235	KR1d0058_WYG_012-15b
012.md	243	KR1d0058_WYG_012-16a
012.md	251	KR1d0058_WYG_012-16b
012.md	259	KR1d0058_WYG_012-17a
012.md	267	KR1d0058_WYG_012-17b
012.md	275	KR1d0058_WYG_012-18a
012.md	283	KR1d0058_WYG_012-18b
012.md	291	KR1d0058_WYG_012-19a
012.md	299	KR1d0058_WYG_012-19b
012.md	307	KR1d0058_WYG_012-20a
012.md	315	KR1d0058_WYG_012-20b
012.md	323	KR1d0058_WYG_012-21a
012.md	331	KR1d0058_WYG_012-21b
012.md	339	KR1d0058_WYG_012-22a
012.md	347	KR1d0058_WYG_012-22b
012.md	355	KR1d0058_WYG_012-23a
012.md	363	KR1d0058_WYG_012-23b
012.md	371	KR1d0058_WYG_012-24a
012.md	379	KR1d0058_WYG_012-24b
012.md	387	KR1d0058_WYG_012-25a
012.md	395	KR1d0058_WYG_012-25b
012.md	403	KR1d0058_WYG_012-26a
012.md	411	KR1d0058_WYG_012-26b
012.md	419	KR1d0058_WYG_012-27a
012.md	427	KR1d0058_WYG_012-27b
012.md	435	KR1d0058_WYG_012-28a
012.md	443	KR1d0058_WYG_012-28b
012.md	451	KR1d0058_WYG_012-29a
012.md	459	KR1d0058_WYG_012-29b
012.md	467	KR1d0058_WYG_012-30a
012.md	475	KR1d0058_WYG_012-30b
012.md	483	KR1d0058_WYG_012-31a
012.md	491	KR1d0058_WYG_012-31b
012.md	499	KR1d0058_WYG_012-32a
012.md	507	KR1d0058_WYG_012-32b
012.md	515	KR1d0058_WYG_012-33a
012.md	523	KR1d0058_WYG_012-33b
012.md	531	KR1d0058_WYG_012-34a
012.md	539	KR1d0058_WYG_012-34b
012.md	547	KR1d0058_WYG_012-35a
012.md	555	KR1d0058_WYG_012-35b
012.md	563	KR1d0058_WYG_012-36a
012.md	571	KR1d0058_WYG_012-36b
012.md	579	KR1d0058_WYG_012-37a
012.md	587	KR1d0058_WYG_012-37b
012.md	595	KR1d0058_WYG_012-38a
012.md	603	KR1d0058_WYG_012-38b
012.md	611	KR1d0058_WYG_012-39a
012.md	619	KR1d0058_WYG_012-39b
012.md	627	KR1d0058_WYG_012-40a
012.md	635	KR1d0058_WYG_012-40b
012.md	643	KR1d0058_WYG_012-41a
012.md	651	KR1d0058_WYG_012-41b
012.md	659	KR1d0058_WYG_012-42a
012.md	667	KR1d0058_WYG_012-42b
012.md	675	KR1d0058_WYG_012-43a
012.md	683	KR1d0058_WYG_012-43b
012.md	691	KR1d0058_WYG_012-44a
012.md	699	KR1d0058_WYG_012-44b
012.md	707	KR1d0058_WYG_012-45a
012.md	715	KR1d0058_WYG_012-45b
012.md	723	KR1d0058_WYG_012-46a
012.md	731	KR1d0058_WYG_012-46b
012.md	739	KR1d0058_WYG_012-47a
012.md	747	KR1d0058_WYG_012-47b
012.md	755	KR1d0058_WYG_012-48a
012.md	763	KR1d0058_WYG_012-48b
012.md	771	KR1d0058_WYG_012-49a
012.md	779	KR1d0058_WYG_012-49b
012.md	787	KR1d0058_WYG_012-50a
012.md	795	KR1d0058_WYG_012-50b
012.md	803	KR1d0058_WYG_012-51a
012.md	811	KR1d0058_WYG_012-51b
012.md	819	KR1d0058_WYG_012-52a
012.md	827	KR1d0058_WYG_012-52b
012.md	835	KR1d0058_WYG_012-53a
012.md	843	KR1d0058_WYG_012-53b
012.md	851	KR1d0058_WYG_012-54a
012.md	859	KR1d0058_WYG_012-54b
012.md	867	KR1d0058_WYG_012-55a
012.md	875	KR1d0058_WYG_012-55b
012.md	883	KR1d0058_WYG_012-56a
012.md	891	KR1d0058_WYG_012-56b
012.md	899	KR1d0058_WYG_012-57a
012.md	907	KR1d0058_WYG_012-57b
012.md	915	KR1d0058_WYG_012-58a
012.md	923	KR1d0058_WYG_012-58b
012.md	931	KR1d0058_WYG_012-59a
012.md	939	KR1d0058_WYG_012-59b
012.md	947	KR1d0058_WYG_012-60a
012.md	955	KR1d0058_WYG_012-60b
012.md	963	KR1d0058_WYG_012-61a
012.md	971	KR1d0058_WYG_012-61b
012.md	979	KR1d0058_WYG_012-62a
012.md	987	KR1d0058_WYG_012-62b
012.md	995	KR1d0058_WYG_012-63a
012.md	1003	KR1d0058_WYG_012-63b
012.md	1011	KR1d0058_WYG_012-64a
012.md	1019	KR1d0058_WYG_012-64b
012.md	1027	KR1d0058_WYG_012-65a
012.md	1035	KR1d0058_WYG_012-65b
012.md	1043	KR1d0058_WYG_012-66a
012.md	1051	KR1d0058_WYG_012-66b
012.md	1059	KR1d0058_WYG_012-67a
012.md	1067	KR1d0058_WYG_012-67b
012.md	1075	KR1d0058_WYG_012-68a
012.md	1083	KR1d0058_WYG_012-68b
012.md	1091	KR1d0058_WYG_012-69a
012.md	1099	KR1d0058_WYG_012-69b
012.md	1107	KR1d0058_WYG_012-70a
012.md	1115	KR1d0058_WYG_012-70b
012.md	1123	KR1d0058_WYG_012-71a
012.md	1131	KR1d0058_WYG_012-71b
012.md	1139	KR1d0058_WYG_012-72a
012.md	1147	KR1d0058_WYG_012-72b
012.md	1155	KR1d0058_WYG_012-73a
012.md	1163	KR1d0058_WYG_012-73b
012.md	1171	KR1d0058_WYG_012-74a
012.md	1179	KR1d0058_WYG_012-74b
012.md	1187	KR1d0058_WYG_012-75a
012.md	1195	KR1d0058_WYG_012-75b
012.md	1203	KR1d0058_WYG_012-76a
012.md	1211	KR1d0058_WYG_012-76b
012.md	1219	KR1d0058_WYG_012-77a
012.md	1227	KR1d0058_WYG_012-77b
012.md	1235	KR1d0058_WYG_012-78a
012.md	1243	KR1d0058_WYG_012-78b
012.md	1251	KR1d0058_WYG_012-79a
012.md	1259	KR1d0058_WYG_012-79b
012.md	1267	KR1d0058_WYG_012-80a
012.md	1275	KR1d0058_WYG_012-80b
012.md	1283	KR1d0058_WYG_012-81a
012.md	1291	KR1d0058_WYG_012-81b
012.md	1299	KR1d0058_WYG_012-82a
012.md	1307	KR1d0058_WYG_012-82b
012.md	1315	KR1d0058_WYG_012-83a
012.md	1323	KR1d0058_WYG_012-83b
012.md	1331	KR1d0058_WYG_012-84a
012.md	1339	KR1d0058_WYG_012-84b
012.md	1347	KR1d0058_WYG_012-85a
012.md	1355	KR1d0058_WYG_012-85b
012.md	1363	KR1d0058_WYG_012-86a
012.md	1371	KR1d0058_WYG_012-86b
013.md	3	KR1d0058_WYG_013-1a
013.md	11	KR1d0058_WYG_013-1b
013.md	19	KR1d0058_WYG_013-2a
013.md	27	KR1d0058_WYG_013-2b
013.md	35	KR1d0058_WYG_013-3a
013.md	43	KR1d0058_WYG_013-3b
013.md	51	KR1d0058_WYG_013-4a
013.md	59	KR1d0058_WYG_013-4b
013.md	67	KR1d0058_WYG_013-5a
013.md	75	KR1d0058_WYG_013-5b
013.md	83	KR1d0058_WYG_013-6a
013.md	91	KR1d0058_WYG_013-6b
013.md	99	KR1d0058_WYG_013-7a
013.md	107	KR1d0058_WYG_013-7b
013.md	115	KR1d0058_WYG_013-8a
013.md	123	KR1d0058_WYG_013-8b
013.md	131	KR1d0058_WYG_013-9a
013.md	139	KR1d0058_WYG_013-9b
013.md	147	KR1d0058_WYG_013-10a
013.md	155	KR1d0058_WYG_013-10b
013.md	163	KR1d0058_WYG_013-11a
013.md	171	KR1d0058_WYG_013-11b
013.md	179	KR1d0058_WYG_013-12a
013.md	187	KR1d0058_WYG_013-12b
013.md	195	KR1d0058_WYG_013-13a
013.md	203	KR1d0058_WYG_013-13b
013.md	211	KR1d0058_WYG_013-14a
013.md	219	KR1d0058_WYG_013-14b
013.md	227	KR1d0058_WYG_013-15a
013.md	235	KR1d0058_WYG_013-15b
013.md	243	KR1d0058_WYG_013-16a
013.md	251	KR1d0058_WYG_013-16b
014.md	3	KR1d0058_WYG_014-1a
014.md	11	KR1d0058_WYG_014-1b
014.md	19	KR1d0058_WYG_014-2a
014.md	27	KR1d0058_WYG_014-2b
014.md	35	KR1d0058_WYG_014-3a
014.md	43	KR1d0058_WYG_014-3b
014.md	51	KR1d0058_WYG_014-4a
014.md	59	KR1d0058_WYG_014-4b
014.md	67	KR1d0058_WYG_014-5a
014.md	75	KR1d0058_WYG_014-5b
014.md	83	KR1d0058_WYG_014-6a
014.md	91	KR1d0058_WYG_014-6b
014.md	99	KR1d0058_WYG_014-7a
014.md	107	KR1d0058_WYG_014-7b
014.md	115	KR1d0058_WYG_014-8a
014.md	123	KR1d0058_WYG_014-8b
014.md	131	KR1d0058_WYG_014-9a
014.md	139	KR1d0058_WYG_014-9b
014.md	147	KR1d0058_WYG_014-10a
014.md	155	KR1d0058_WYG_014-10b
014.md	163	KR1d0058_WYG_014-11a
014.md	171	KR1d0058_WYG_014-11b
014.md	179	KR1d0058_WYG_014-12a
014.md	187	KR1d0058_WYG_014-12b
014.md	195	KR1d0058_WYG_014-13a
014.md	203	KR1d0058_WYG_014-13b
014.md	211	KR1d0058_WYG_014-14a
014.md	219	KR1d0058_WYG_014-14b
014.md	227	KR1d0058_WYG_014-15a
014.md	235	KR1d0058_WYG_014-15b
014.md	243	KR1d0058_WYG_014-16a
014.md	251	KR1d0058_WYG_014-16b
014.md	259	KR1d0058_WYG_014-17a
014.md	267	KR1d0058_WYG_014-17b
014.md	275	KR1d0058_WYG_014-18a
014.md	283	KR1d0058_WYG_014-18b
014.md	291	KR1d0058_WYG_014-19a
014.md	299	KR1d0058_WYG_014-19b
014.md	307	KR1d0058_WYG_014-20a
014.md	315	KR1d0058_WYG_014-20b
014.md	323	KR1d0058_WYG_014-21a
014.md	331	KR1d0058_WYG_014-21b
014.md	339	KR1d0058_WYG_014-22a
014.md	347	KR1d0058_WYG_014-22b
014.md	355	KR1d0058_WYG_014-23a
014.md	363	KR1d0058_WYG_014-23b
014.md	371	KR1d0058_WYG_014-24a
014.md	379	KR1d0058_WYG_014-24b
014.md	387	KR1d0058_WYG_014-25a
014.md	395	KR1d0058_WYG_014-25b
014.md	403	KR1d0058_WYG_014-26a
014.md	411	KR1d0058_WYG_014-26b
014.md	419	KR1d0058_WYG_014-27a
014.md	427	KR1d0058_WYG_014-27b
014.md	435	KR1d0058_WYG_014-28a
014.md	443	KR1d0058_WYG_014-28b
014.md	451	KR1d0058_WYG_014-29a
014.md	459	KR1d0058_WYG_014-29b
014.md	467	KR1d0058_WYG_014-30a
014.md	475	KR1d0058_WYG_014-30b
014.md	483	KR1d0058_WYG_014-31a
014.md	491	KR1d0058_WYG_014-31b
014.md	499	KR1d0058_WYG_014-32a
014.md	507	KR1d0058_WYG_014-32b
014.md	515	KR1d0058_WYG_014-33a
014.md	523	KR1d0058_WYG_014-33b
014.md	531	KR1d0058_WYG_014-34a
014.md	539	KR1d0058_WYG_014-34b
014.md	547	KR1d0058_WYG_014-35a
014.md	555	KR1d0058_WYG_014-35b
014.md	563	KR1d0058_WYG_014-36a
014.md	571	KR1d0058_WYG_014-36b
014.md	579	KR1d0058_WYG_014-37a
014.md	587	KR1d0058_WYG_014-37b
014.md	595	KR1d0058_WYG_014-38a
014.md	603	KR1d0058_WYG_014-38b
014.md	611	KR1d0058_WYG_014-39a
014.md	619	KR1d0058_WYG_014-39b
014.md	627	KR1d0058_WYG_014-40a
014.md	635	KR1d0058_WYG_014-40b
014.md	643	KR1d0058_WYG_014-41a
014.md	651	KR1d0058_WYG_014-41b
014.md	659	KR1d0058_WYG_014-42a
014.md	667	KR1d0058_WYG_014-42b
014.md	675	KR1d0058_WYG_014-43a
014.md	683	KR1d0058_WYG_014-43b
014.md	691	KR1d0058_WYG_014-44a
014.md	699	KR1d0058_WYG_014-44b
014.md	707	KR1d0058_WYG_014-45a
014.md	715	KR1d0058_WYG_014-45b
014.md	723	KR1d0058_WYG_014-46a
014.md	731	KR1d0058_WYG_014-46b
014.md	739	KR1d0058_WYG_014-47a
014.md	747	KR1d0058_WYG_014-47b
014.md	755	KR1d0058_WYG_014-48a
014.md	763	KR1d0058_WYG_014-48b
014.md	771	KR1d0058_WYG_014-49a
014.md	779	KR1d0058_WYG_014-49b
014.md	787	KR1d0058_WYG_014-50a
014.md	795	KR1d0058_WYG_014-50b
014.md	803	KR1d0058_WYG_014-51a
014.md	811	KR1d0058_WYG_014-51b
014.md	819	KR1d0058_WYG_014-52a
014.md	827	KR1d0058_WYG_014-52b
014.md	835	KR1d0058_WYG_014-53a
014.md	843	KR1d0058_WYG_014-53b
014.md	851	KR1d0058_WYG_014-54a
014.md	859	KR1d0058_WYG_014-54b
014.md	867	KR1d0058_WYG_014-55a
014.md	875	KR1d0058_WYG_014-55b
014.md	883	KR1d0058_WYG_014-56a
014.md	891	KR1d0058_WYG_014-56b
014.md	899	KR1d0058_WYG_014-57a
014.md	907	KR1d0058_WYG_014-57b
014.md	915	KR1d0058_WYG_014-58a
014.md	923	KR1d0058_WYG_014-58b
014.md	931	KR1d0058_WYG_014-59a
014.md	939	KR1d0058_WYG_014-59b
014.md	947	KR1d0058_WYG_014-60a
014.md	955	KR1d0058_WYG_014-60b
014.md	963	KR1d0058_WYG_014-61a
014.md	971	KR1d0058_WYG_014-61b
014.md	979	KR1d0058_WYG_014-62a
014.md	987	KR1d0058_WYG_014-62b
014.md	995	KR1d0058_WYG_014-63a
014.md	1003	KR1d0058_WYG_014-63b
014.md	1011	KR1d0058_WYG_014-64a
014.md	1019	KR1d0058_WYG_014-64b
014.md	1027	KR1d0058_WYG_014-65a
014.md	1035	KR1d0058_WYG_014-65b
014.md	1043	KR1d0058_WYG_014-66a
014.md	1051	KR1d0058_WYG_014-66b
014.md	1059	KR1d0058_WYG_014-67a
014.md	1067	KR1d0058_WYG_014-67b
014.md	1075	KR1d0058_WYG_014-68a
014.md	1083	KR1d0058_WYG_014-68b
014.md	1091	KR1d0058_WYG_014-69a
014.md	1099	KR1d0058_WYG_014-69b
014.md	1107	KR1d0058_WYG_014-70a
014.md	1115	KR1d0058_WYG_014-70b
014.md	1123	KR1d0058_WYG_014-71a
014.md	1131	KR1d0058_WYG_014-71b
014.md	1139	KR1d0058_WYG_014-72a
014.md	1147	KR1d0058_WYG_014-72b
014.md	1155	KR1d0058_WYG_014-73a
014.md	1163	KR1d0058_WYG_014-73b
014.md	1171	KR1d0058_WYG_014-74a
014.md	1179	KR1d0058_WYG_014-74b
014.md	1187	KR1d0058_WYG_014-75a
014.md	1195	KR1d0058_WYG_014-75b
014.md	1203	KR1d0058_WYG_014-76a
014.md	1211	KR1d0058_WYG_014-76b
014.md	1219	KR1d0058_WYG_014-77a
014.md	1227	KR1d0058_WYG_014-77b
014.md	1235	KR1d0058_WYG_014-78a
014.md	1243	KR1d0058_WYG_014-78b
014.md	1251	KR1d0058_WYG_014-79a
014.md	1259	KR1d0058_WYG_014-79b
014.md	1267	KR1d0058_WYG_014-80a
014.md	1275	KR1d0058_WYG_014-80b
014.md	1283	KR1d0058_WYG_014-81a
014.md	1291	KR1d0058_WYG_014-81b
014.md	1299	KR1d0058_WYG_014-82a
014.md	1307	KR1d0058_WYG_014-82b
014.md	1315	KR1d0058_WYG_014-83a
014.md	1323	KR1d0058_WYG_014-83b
014.md	1331	KR1d0058_WYG_014-84a
014.md	1339	KR1d0058_WYG_014-84b
014.md	1347	KR1d0058_WYG_014-85a
014.md	1355	KR1d0058_WYG_014-85b
014.md	1363	KR1d0058_WYG_014-86a
014.md	1371	KR1d0058_WYG_014-86b
014.md	1379	KR1d0058_WYG_014-87a
014.md	1387	KR1d0058_WYG_014-87b
014.md	1395	KR1d0058_WYG_014-88a
014.md	1403	KR1d0058_WYG_014-88b
014.md	1411	KR1d0058_WYG_014-89a
014.md	1419	KR1d0058_WYG_014-89b
014.md	1427	KR1d0058_WYG_014-90a
014.md	1435	KR1d0058_WYG_014-90b
014.md	1443	KR1d0058_WYG_014-91a
014.md	1451	KR1d0058_WYG_014-91b
014.md	1459	KR1d0058_WYG_014-92a
014.md	1467	KR1d0058_WYG_014-92b
014.md	1475	KR1d0058_WYG_014-93a
014.md	1483	KR1d0058_WYG_014-93b
014.md	1491	KR1d0058_WYG_014-94a
014.md	1499	KR1d0058_WYG_014-94b
014.md	1507	KR1d0058_WYG_014-95a
014.md	1515	KR1d0058_WYG_014-95b
014.md	1523	KR1d0058_WYG_014-96a
014.md	1531	KR1d0058_WYG_014-96b
014.md	1539	KR1d0058_WYG_014-97a
014.md	1547	KR1d0058_WYG_014-97b
014.md	1555	KR1d0058_WYG_014-98a
014.md	1563	KR1d0058_WYG_014-98b
014.md	1571	KR1d0058_WYG_014-99a
014.md	1579	KR1d0058_WYG_014-99b
014.md	1587	KR1d0058_WYG_014-100a
014.md	1595	KR1d0058_WYG_014-100b
014.md	1603	KR1d0058_WYG_014-101a
014.md	1611	KR1d0058_WYG_014-101b
014.md	1619	KR1d0058_WYG_014-102a
014.md	1627	KR1d0058_WYG_014-102b
014.md	1635	KR1d0058_WYG_014-103a
014.md	1643	KR1d0058_WYG_014-103b
014.md	1651	KR1d0058_WYG_014-104a
014.md	1659	KR1d0058_WYG_014-104b
014.md	1667	KR1d0058_WYG_014-105a
014.md	1675	KR1d0058_WYG_014-105b
014.md	1683	KR1d0058_WYG_014-106a
014.md	1691	KR1d0058_WYG_014-106b
014.md	1699	KR1d0058_WYG_014-107a
014.md	1707	KR1d0058_WYG_014-107b
014.md	1715	KR1d0058_WYG_014-108a
014.md	1723	KR1d0058_WYG_014-108b
014.md	1731	KR1d0058_WYG_014-109a
014.md	1739	KR1d0058_WYG_014-109b
014.md	1747	KR1d0058_WYG_014-110a
014.md	1755	KR1d0058_WYG_014-110b
014.md	1763	KR1d0058_WYG_014-111a
014.md	1771	KR1d0058_WYG_014-111b
014.md	1779	KR1d0058_WYG_014-112a
014.md	1787	KR1d0058_WYG_014-112b
014.md	1795	KR1d0058_WYG_014-113a
014.md	1803	KR1d0058_WYG_014-113b
014.md	1811	KR1d0058_WYG_014-114a
014.md	1819	KR1d0058_WYG_014-114b
014.md	1827	KR1d0058_WYG_014-115a
014.md	1835	KR1d0058_WYG_014-115b
014.md	1843	KR1d0058_WYG_014-116a
014.md	1851	KR1d0058_WYG_014-116b
014.md	1859	KR1d0058_WYG_014-117a
014.md	1867	KR1d0058_WYG_014-117b
014.md	1875	KR1d0058_WYG_014-118a
014.md	1883	KR1d0058_WYG_014-118b
014.md	1891	KR1d0058_WYG_014-119a
014.md	1899	KR1d0058_WYG_014-119b
014.md	1907	KR1d0058_WYG_014-120a
014.md	1915	KR1d0058_WYG_014-120b
014.md	1923	KR1d0058_WYG_014-121a
014.md	1931	KR1d0058_WYG_014-121b
014.md	1939	KR1d0058_WYG_014-122a
014.md	1947	KR1d0058_WYG_014-122b
014.md	1955	KR1d0058_WYG_014-123a
014.md	1963	KR1d0058_WYG_014-123b
014.md	1971	KR1d0058_WYG_014-124a
014.md	1979	KR1d0058_WYG_014-124b
014.md	1987	KR1d0058_WYG_014-125a
014.md	1995	KR1d0058_WYG_014-125b
014.md	2003	KR1d0058_WYG_014-126a
014.md	2011	KR1d0058_WYG_014-126b
014.md	2019	KR1d0058_WYG_014-127a
014.md	2027	KR1d0058_WYG_014-127b
014.md	2035	KR1d0058_WYG_014-128a
014.md	2043	KR1d0058_WYG_014-128b
014.md	2051	KR1d0058_WYG_014-129a
014.md	2059	KR1d0058_WYG_014-129b
014.md	2067	KR1d0058_WYG_014-130a
014.md	2075	KR1d0058_WYG_014-130b
014.md	2083	KR1d0058_WYG_014-131a
014.md	2091	KR1d0058_WYG_014-131b
014.md	2099	KR1d0058_WYG_014-132a
014.md	2107	KR1d0058_WYG_014-132b
014.md	2115	KR1d0058_WYG_014-133a
014.md	2123	KR1d0058_WYG_014-133b
014.md	2131	KR1d0058_WYG_014-134a
014.md	2139	KR1d0058_WYG_014-134b
014.md	2147	KR1d0058_WYG_014-135a
014.md	2155	KR1d0058_WYG_014-135b
014.md	2163	KR1d0058_WYG_014-136a
014.md	2171	KR1d0058_WYG_014-136b
014.md	2179	KR1d0058_WYG_014-137a
014.md	2187	KR1d0058_WYG_014-137b
014.md	2195	KR1d0058_WYG_014-138a
014.md	2203	KR1d0058_WYG_014-138b
014.md	2211	KR1d0058_WYG_014-139a
014.md	2219	KR1d0058_WYG_014-139b
014.md	2227	KR1d0058_WYG_014-140a
014.md	2235	KR1d0058_WYG_014-140b
014.md	2243	KR1d0058_WYG_014-141a
014.md	2251	KR1d0058_WYG_014-141b
014.md	2259	KR1d0058_WYG_014-142a
014.md	2267	KR1d0058_WYG_014-142b
014.md	2275	KR1d0058_WYG_014-143a
014.md	2283	KR1d0058_WYG_014-143b
014.md	2291	KR1d0058_WYG_014-144a
014.md	2299	KR1d0058_WYG_014-144b
014.md	2307	KR1d0058_WYG_014-145a
014.md	2315	KR1d0058_WYG_014-145b
014.md	2323	KR1d0058_WYG_014-146a
014.md	2331	KR1d0058_WYG_014-146b
014.md	2339	KR1d0058_WYG_014-147a
014.md	2347	KR1d0058_WYG_014-147b
014.md	2355	KR1d0058_WYG_014-148a
014.md	2363	KR1d0058_WYG_014-148b
014.md	2371	KR1d0058_WYG_014-149a
014.md	2379	KR1d0058_WYG_014-149b
014.md	2387	KR1d0058_WYG_014-150a
014.md	2395	KR1d0058_WYG_014-150b
014.md	2403	KR1d0058_WYG_014-151a
014.md	2411	KR1d0058_WYG_014-151b
014.md	2419	KR1d0058_WYG_014-152a
014.md	2427	KR1d0058_WYG_014-152b
014.md	2435	KR1d0058_WYG_014-153a
014.md	2443	KR1d0058_WYG_014-153b
014.md	2451	KR1d0058_WYG_014-154a
014.md	2459	KR1d0058_WYG_014-154b
014.md	2467	KR1d0058_WYG_014-155a
014.md	2475	KR1d0058_WYG_014-155b
014.md	2483	KR1d0058_WYG_014-156a
014.md	2491	KR1d0058_WYG_014-156b
014.md	2499	KR1d0058_WYG_014-157a
014.md	2507	KR1d0058_WYG_014-157b
014.md	2515	KR1d0058_WYG_014-158a
014.md	2523	KR1d0058_WYG_014-158b
014.md	2531	KR1d0058_WYG_014-159a
014.md	2539	KR1d0058_WYG_014-159b
014.md	2547	KR1d0058_WYG_014-160a
014.md	2555	KR1d0058_WYG_014-160b
014.md	2563	KR1d0058_WYG_014-161a
014.md	2571	KR1d0058_WYG_014-161b
014.md	2579	KR1d0058_WYG_014-162a
014.md	2587	KR1d0058_WYG_014-162b
014.md	2595	KR1d0058_WYG_014-163a
014.md	2603	KR1d0058_WYG_014-163b
014.md	2611	KR1d0058_WYG_014-164a
014.md	2619	KR1d0058_WYG_014-164b
014.md	2627	KR1d0058_WYG_014-165a
014.md	2635	KR1d0058_WYG_014-165b
014.md	2643	KR1d0058_WYG_014-166a
014.md	2651	KR1d0058_WYG_014-166b
014.md	2659	KR1d0058_WYG_014-167a
014.md	2667	KR1d0058_WYG_014-167b
014.md	2675	KR1d0058_WYG_014-168a
014.md	2683	KR1d0058_WYG_014-168b
014.md	2691	KR1d0058_WYG_014-169a
014.md	2699	KR1d0058_WYG_014-169b
014.md	2707	KR1d0058_WYG_014-170a
014.md	2715	KR1d0058_WYG_014-170b
014.md	2723	KR1d0058_WYG_014-171a
014.md	2731	KR1d0058_WYG_014-171b
014.md	2739	KR1d0058_WYG_014-172a
014.md	2747	KR1d0058_WYG_014-172b
014.md	2755	KR1d0058_WYG_014-173a
014.md	2763	KR1d0058_WYG_014-173b
014.md	2771	KR1d0058_WYG_014-174a
014.md	2779	KR1d0058_WYG_014-174b
014.md	2787	KR1d0058_WYG_014-175a
014.md	2795	KR1d0058_WYG_014-175b
014.md	2803	KR1d0058_WYG_014-176a
014.md	2811	KR1d0058_WYG_014-176b
014.md	2819	KR1d0058_WYG_014-177a
014.md	2827	KR1d0058_WYG_014-177b
014.md	2835	KR1d0058_WYG_014-178a
014.md	2843	KR1d0058_WYG_014-178b
014.md	2851	KR1d0058_WYG_014-179a
014.md	2859	KR1d0058_WYG_014-179b
014.md	2867	KR1d0058_WYG_014-180a
014.md	2875	KR1d0058_WYG_014-180b
014.md	2883	KR1d0058_WYG_014-181a
014.md	2891	KR1d0058_WYG_014-181b
014.md	2899	KR1d0058_WYG_014-182a
014.md	2907	KR1d0058_WYG_014-182b
014.md	2915	KR1d0058_WYG_014-183a
014.md	2923	KR1d0058_WYG_014-183b
014.md	2931	KR1d0058_WYG_014-184a
014.md	2939	KR1d0058_WYG_014-184b
014.md	2947	KR1d0058_WYG_014-185a
014.md	2955	KR1d0058_WYG_014-185b
014.md	2963	KR1d0058_WYG_014-186a
014.md	2971	KR1d0058_WYG_014-186b
014.md	2979	KR1d0058_WYG_014-187a
014.md	2987	KR1d0058_WYG_014-187b
014.md	2995	KR1d0058_WYG_014-188a
014.md	3003	KR1d0058_WYG_014-188b
014.md	3011	KR1d0058_WYG_014-189a
014.md	3019	KR1d0058_WYG_014-189b
014.md	3027	KR1d0058_WYG_014-190a
014.md	3035	KR1d0058_WYG_014-190b
014.md	3043	KR1d0058_WYG_014-191a
014.md	3051	KR1d0058_WYG_014-191b
014.md	3059	KR1d0058_WYG_014-192a
014.md	3067	KR1d0058_WYG_014-192b
014.md	3075	KR1d0058_WYG_014-193a
014.md	3083	KR1d0058_WYG_014-193b
014.md	3091	KR1d0058_WYG_014-194a
014.md	3099	KR1d0058_WYG_014-194b
014.md	3107	KR1d0058_WYG_014-195a
014.md	3115	KR1d0058_WYG_014-195b
014.md	3123	KR1d0058_WYG_014-196a
014.md	3131	KR1d0058_WYG_014-196b
014.md	3139	KR1d0058_WYG_014-197a
014.md	3147	KR1d0058_WYG_014-197b
014.md	3155	KR1d0058_WYG_014-198a
014.md	3163	KR1d0058_WYG_014-198b
014.md	3171	KR1d0058_WYG_014-199a
014.md	3179	KR1d0058_WYG_014-199b
014.md	3187	KR1d0058_WYG_014-200a
014.md	3195	KR1d0058_WYG_014-200b
014.md	3203	KR1d0058_WYG_014-201a
014.md	3211	KR1d0058_WYG_014-201b
014.md	3219	KR1d0058_WYG_014-202a
014.md	3227	KR1d0058_WYG_014-202b
014.md	3235	KR1d0058_WYG_014-203a
014.md	3243	KR1d0058_WYG_014-203b
014.md	3251	KR1d0058_WYG_014-204a
014.md	3259	KR1d0058_WYG_014-204b
014.md	3267	KR1d0058_WYG_014-205a
014.md	3275	KR1d0058_WYG_014-205b
014.md	3283	KR1d0058_WYG_014-206a
014.md	3291	KR1d0058_WYG_014-206b
014.md	3299	KR1d0058_WYG_014-207a
014.md	3307	KR1d0058_WYG_014-207b
014.md	3315	KR1d0058_WYG_014-208a
014.md	3323	KR1d0058_WYG_014-208b
014.md	3331	KR1d0058_WYG_014-209a
014.md	3339	KR1d0058_WYG_014-209b
014.md	3347	KR1d0058_WYG_014-210a
014.md	3355	KR1d0058_WYG_014-210b
014.md	3363	KR1d0058_WYG_014-211a
014.md	3371	KR1d0058_WYG_014-211b
014.md	3379	KR1d0058_WYG_014-212a
014.md	3387	KR1d0058_WYG_014-212b
014.md	3395	KR1d0058_WYG_014-213a
014.md	3403	KR1d0058_WYG_014-213b
014.md	3411	KR1d0058_WYG_014-214a
014.md	3419	KR1d0058_WYG_014-214b
014.md	3427	KR1d0058_WYG_014-215a
014.md	3435	KR1d0058_WYG_014-215b
014.md	3443	KR1d0058_WYG_014-216a
014.md	3451	KR1d0058_WYG_014-216b
014.md	3459	KR1d0058_WYG_014-217a
014.md	3467	KR1d0058_WYG_014-217b
014.md	3475	KR1d0058_WYG_014-218a
014.md	3483	KR1d0058_WYG_014-218b
014.md	3491	KR1d0058_WYG_014-219a
014.md	3499	KR1d0058_WYG_014-219b
014.md	3507	KR1d0058_WYG_014-220a
014.md	3515	KR1d0058_WYG_014-220b
014.md	3523	KR1d0058_WYG_014-221a
014.md	3531	KR1d0058_WYG_014-221b
014.md	3539	KR1d0058_WYG_014-222a
014.md	3547	KR1d0058_WYG_014-222b
014.md	3555	KR1d0058_WYG_014-223a
014.md	3563	KR1d0058_WYG_014-223b
014.md	3571	KR1d0058_WYG_014-224a
014.md	3579	KR1d0058_WYG_014-224b
014.md	3587	KR1d0058_WYG_014-225a
014.md	3595	KR1d0058_WYG_014-225b
014.md	3603	KR1d0058_WYG_014-226a
014.md	3611	KR1d0058_WYG_014-226b
014.md	3619	KR1d0058_WYG_014-227a
014.md	3627	KR1d0058_WYG_014-227b
014.md	3635	KR1d0058_WYG_014-228a
014.md	3643	KR1d0058_WYG_014-228b
014.md	3651	KR1d0058_WYG_014-229a
014.md	3659	KR1d0058_WYG_014-229b
014.md	3667	KR1d0058_WYG_014-230a
014.md	3675	KR1d0058_WYG_014-230b
014.md	3683	KR1d0058_WYG_014-231a
014.md	3691	KR1d0058_WYG_014-231b
014.md	3699	KR1d0058_WYG_014-232a
014.md	3707	KR1d0058_WYG_014-232b
014.md	3715	KR1d0058_WYG_014-233a
014.md	3723	KR1d0058_WYG_014-233b
014.md	3731	KR1d0058_WYG_014-234a
014.md	3739	KR1d0058_WYG_014-234b
014.md	3747	KR1d0058_WYG_014-235a
014.md	3755	KR1d0058_WYG_014-235b
014.md	3763	KR1d0058_WYG_014-236a
014.md	3771	KR1d0058_WYG_014-236b
014.md	3779	KR1d0058_WYG_014-237a
014.md	3787	KR1d0058_WYG_014-237b
014.md	3795	KR1d0058_WYG_014-238a
014.md	3803	KR1d0058_WYG_014-238b
014.md	3811	KR1d0058_WYG_014-239a
014.md	3819	KR1d0058_WYG_014-239b
014.md	3827	KR1d0058_WYG_014-240a
014.md	3835	KR1d0058_WYG_014-240b
014.md	3843	KR1d0058_WYG_014-241a
014.md	3851	KR1d0058_WYG_014-241b
014.md	3859	KR1d0058_WYG_014-242a
014.md	3867	KR1d0058_WYG_014-242b
014.md	3875	KR1d0058_WYG_014-243a
014.md	3883	KR1d0058_WYG_014-243b
014.md	3891	KR1d0058_WYG_014-244a
014.md	3899	KR1d0058_WYG_014-244b
014.md	3907	KR1d0058_WYG_014-245a
014.md	3915	KR1d0058_WYG_014-245b
014.md	3923	KR1d0058_WYG_014-246a
014.md	3931	KR1d0058_WYG_014-246b
014.md	3939	KR1d0058_WYG_014-247a
014.md	3947	KR1d0058_WYG_014-247b
014.md	3955	KR1d0058_WYG_014-248a
014.md	3963	KR1d0058_WYG_014-248b
014.md	3971	KR1d0058_WYG_014-249a
014.md	3979	KR1d0058_WYG_014-249b
014.md	3987	KR1d0058_WYG_014-250a
014.md	3995	KR1d0058_WYG_014-250b
014.md	4003	KR1d0058_WYG_014-251a
014.md	4011	KR1d0058_WYG_014-251b
014.md	4019	KR1d0058_WYG_014-252a
014.md	4027	KR1d0058_WYG_014-252b
014.md	4035	KR1d0058_WYG_014-253a
014.md	4043	KR1d0058_WYG_014-253b
014.md	4051	KR1d0058_WYG_014-254a
014.md	4059	KR1d0058_WYG_014-254b
014.md	4067	KR1d0058_WYG_014-255a
014.md	4075	KR1d0058_WYG_014-255b
014.md	4083	KR1d0058_WYG_014-256a
014.md	4091	KR1d0058_WYG_014-256b
014.md	4099	KR1d0058_WYG_014-257a
014.md	4107	KR1d0058_WYG_014-257b
014.md	4115	KR1d0058_WYG_014-258a
014.md	4123	KR1d0058_WYG_014-258b
014.md	4131	KR1d0058_WYG_014-259a
014.md	4139	KR1d0058_WYG_014-259b
014.md	4147	KR1d0058_WYG_014-260a
014.md	4155	KR1d0058_WYG_014-260b
014.md	4163	KR1d0058_WYG_014-261a
014.md	4171	KR1d0058_WYG_014-261b
014.md	4179	KR1d0058_WYG_014-262a
014.md	4187	KR1d0058_WYG_014-262b
014.md	4195	KR1d0058_WYG_014-263a
014.md	4203	KR1d0058_WYG_014-263b
014.md	4211	KR1d0058_WYG_014-264a
014.md	4219	KR1d0058_WYG_014-264b
014.md	4227	KR1d0058_WYG_014-265a
014.md	4235	KR1d0058_WYG_014-265b
014.md	4243	KR1d0058_WYG_014-266a
014.md	4251	KR1d0058_WYG_014-266b
014.md	4259	KR1d0058_WYG_014-267a
014.md	4267	KR1d0058_WYG_014-267b
014.md	4275	KR1d0058_WYG_014-268a
014.md	4283	KR1d0058_WYG_014-268b
014.md	4291	KR1d0058_WYG_014-269a
014.md	4299	KR1d0058_WYG_014-269b
014.md	4307	KR1d0058_WYG_014-270a
014.md	4315	KR1d0058_WYG_014-270b
014.md	4323	KR1d0058_WYG_014-271a
014.md	4331	KR1d0058_WYG_014-271b
014.md	4339	KR1d0058_WYG_014-272a
014.md	4347	KR1d0058_WYG_014-272b
014.md	4355	KR1d0058_WYG_014-273a
014.md	4363	KR1d0058_WYG_014-273b
014.md	4371	KR1d0058_WYG_014-274a
014.md	4379	KR1d0058_WYG_014-274b
014.md	4387	KR1d0058_WYG_014-275a
014.md	4395	KR1d0058_WYG_014-275b
014.md	4403	KR1d0058_WYG_014-276a
014.md	4411	KR1d0058_WYG_014-276b
014.md	4419	KR1d0058_WYG_014-277a
014.md	4427	KR1d0058_WYG_014-277b
014.md	4435	KR1d0058_WYG_014-278a
014.md	4443	KR1d0058_WYG_014-278b
014.md	4451	KR1d0058_WYG_014-279a
014.md	4459	KR1d0058_WYG_014-279b
014.md	4467	KR1d0058_WYG_014-280a
014.md	4475	KR1d0058_WYG_014-280b
014.md	4483	KR1d0058_WYG_014-281a
014.md	4491	KR1d0058_WYG_014-281b
014.md	4499	KR1d0058_WYG_014-282a
014.md	4507	KR1d0058_WYG_014-282b
014.md	4515	KR1d0058_WYG_014-283a
014.md	4523	KR1d0058_WYG_014-283b
014.md	4531	KR1d0058_WYG_014-284a
014.md	4539	KR1d0058_WYG_014-284b
014.md	4547	KR1d0058_WYG_014-285a
014.md	4555	KR1d0058_WYG_014-285b
014.md	4563	KR1d0058_WYG_014-286a
014.md	4571	KR1d0058_WYG_014-286b
014.md	4579	KR1d0058_WYG_014-287a
014.md	4587	KR1d0058_WYG_014-287b
014.md	4595	KR1d0058_WYG_014-288a
014.md	4603	KR1d0058_WYG_014-288b
014.md	4611	KR1d0058_WYG_014-289a
014.md	4619	KR1d0058_WYG_014-289b
014.md	4627	KR1d0058_WYG_014-290a
014.md	4635	KR1d0058_WYG_014-290b
014.md	4643	KR1d0058_WYG_014-291a
014.md	4651	KR1d0058_WYG_014-291b
014.md	4659	KR1d0058_WYG_014-292a
014.md	4667	KR1d0058_WYG_014-292b
014.md	4675	KR1d0058_WYG_014-293a
014.md	4683	KR1d0058_WYG_014-293b
014.md	4691	KR1d0058_WYG_014-294a
014.md	4699	KR1d0058_WYG_014-294b
014.md	4707	KR1d0058_WYG_014-295a
014.md	4715	KR1d0058_WYG_014-295b
014.md	4723	KR1d0058_WYG_014-296a
014.md	4731	KR1d0058_WYG_014-296b
014.md	4739	KR1d0058_WYG_014-297a
014.md	4747	KR1d0058_WYG_014-297b
014.md	4755	KR1d0058_WYG_014-298a
014.md	4763	KR1d0058_WYG_014-298b
014.md	4771	KR1d0058_WYG_014-299a
014.md	4779	KR1d0058_WYG_014-299b
014.md	4787	KR1d0058_WYG_014-300a
014.md	4795	KR1d0058_WYG_014-300b
014.md	4803	KR1d0058_WYG_014-301a
014.md	4811	KR1d0058_WYG_014-301b
014.md	4819	KR1d0058_WYG_014-302a
014.md	4827	KR1d0058_WYG_014-302b
014.md	4835	KR1d0058_WYG_014-303a
014.md	4843	KR1d0058_WYG_014-303b
014.md	4851	KR1d0058_WYG_014-304a
014.md	4859	KR1d0058_WYG_014-304b
014.md	4867	KR1d0058_WYG_014-305a
014.md	4875	KR1d0058_WYG_014-305b
014.md	4883	KR1d0058_WYG_014-306a
014.md	4891	KR1d0058_WYG_014-306b
014.md	4899	KR1d0058_WYG_014-307a
014.md	4907	KR1d0058_WYG_014-307b
014.md	4915	KR1d0058_WYG_014-308a
014.md	4923	KR1d0058_WYG_014-308b
014.md	4931	KR1d0058_WYG_014-309a
014.md	4939	KR1d0058_WYG_014-309b
014.md	4947	KR1d0058_WYG_014-310a
014.md	4955	KR1d0058_WYG_014-310b
014.md	4963	KR1d0058_WYG_014-311a
014.md	4971	KR1d0058_WYG_014-311b
014.md	4979	KR1d0058_WYG_014-312a
014.md	4987	KR1d0058_WYG_014-312b
014.md	4995	KR1d0058_WYG_014-313a
014.md	5003	KR1d0058_WYG_014-313b
014.md	5011	KR1d0058_WYG_014-314a
014.md	5019	KR1d0058_WYG_014-314b
014.md	5027	KR1d0058_WYG_014-315a
014.md	5035	KR1d0058_WYG_014-315b
014.md	5043	KR1d0058_WYG_014-316a
014.md	5051	KR1d0058_WYG_014-316b
014.md	5059	KR1d0058_WYG_014-317a
014.md	5067	KR1d0058_WYG_014-317b
014.md	5075	KR1d0058_WYG_014-318a
014.md	5083	KR1d0058_WYG_014-318b
014.md	5091	KR1d0058_WYG_014-319a
014.md	5099	KR1d0058_WYG_014-319b
014.md	5107	KR1d0058_WYG_014-320a
014.md	5115	KR1d0058_WYG_014-320b
014.md	5123	KR1d0058_WYG_014-321a
014.md	5131	KR1d0058_WYG_014-321b
014.md	5139	KR1d0058_WYG_014-322a
014.md	5147	KR1d0058_WYG_014-322b
014.md	5155	KR1d0058_WYG_014-323a
014.md	5163	KR1d0058_WYG_014-323b
014.md	5171	KR1d0058_WYG_014-324a
014.md	5179	KR1d0058_WYG_014-324b
015.md	3	KR1d0058_WYG_015-1a
015.md	11	KR1d0058_WYG_015-1b
015.md	19	KR1d0058_WYG_015-2a
015.md	27	KR1d0058_WYG_015-2b
015.md	35	KR1d0058_WYG_015-3a
015.md	43	KR1d0058_WYG_015-3b
015.md	51	KR1d0058_WYG_015-4a
015.md	59	KR1d0058_WYG_015-4b
015.md	67	KR1d0058_WYG_015-5a
015.md	75	KR1d0058_WYG_015-5b
015.md	83	KR1d0058_WYG_015-6a
015.md	91	KR1d0058_WYG_015-6b
015.md	99	KR1d0058_WYG_015-7a
015.md	107	KR1d0058_WYG_015-7b
015.md	115	KR1d0058_WYG_015-8a
015.md	123	KR1d0058_WYG_015-8b
015.md	131	KR1d0058_WYG_015-9a
015.md	139	KR1d0058_WYG_015-9b
015.md	147	KR1d0058_WYG_015-10a
015.md	155	KR1d0058_WYG_015-10b
015.md	163	KR1d0058_WYG_015-11a
015.md	171	KR1d0058_WYG_015-11b
015.md	179	KR1d0058_WYG_015-12a
015.md	187	KR1d0058_WYG_015-12b
015.md	195	KR1d0058_WYG_015-13a
015.md	203	KR1d0058_WYG_015-13b
015.md	211	KR1d0058_WYG_015-14a
015.md	219	KR1d0058_WYG_015-14b
015.md	227	KR1d0058_WYG_015-15a
015.md	235	KR1d0058_WYG_015-15b
015.md	243	KR1d0058_WYG_015-16a
015.md	251	KR1d0058_WYG_015-16b
015.md	259	KR1d0058_WYG_015-17a
015.md	267	KR1d0058_WYG_015-17b
015.md	275	KR1d0058_WYG_015-18a
015.md	283	KR1d0058_WYG_015-18b
015.md	291	KR1d0058_WYG_015-19a
015.md	299	KR1d0058_WYG_015-19b
015.md	307	KR1d0058_WYG_015-20a
015.md	315	KR1d0058_WYG_015-20b
015.md	323	KR1d0058_WYG_015-21a
015.md	331	KR1d0058_WYG_015-21b
015.md	339	KR1d0058_WYG_015-22a
015.md	347	KR1d0058_WYG_015-22b
015.md	355	KR1d0058_WYG_015-23a
015.md	363	KR1d0058_WYG_015-23b
015.md	371	KR1d0058_WYG_015-24a
015.md	379	KR1d0058_WYG_015-24b
015.md	387	KR1d0058_WYG_015-25a
015.md	395	KR1d0058_WYG_015-25b
015.md	403	KR1d0058_WYG_015-26a
015.md	411	KR1d0058_WYG_015-26b
015.md	419	KR1d0058_WYG_015-27a
015.md	427	KR1d0058_WYG_015-27b
015.md	435	KR1d0058_WYG_015-28a
015.md	443	KR1d0058_WYG_015-28b
015.md	451	KR1d0058_WYG_015-29a
015.md	459	KR1d0058_WYG_015-29b
015.md	467	KR1d0058_WYG_015-30a
015.md	475	KR1d0058_WYG_015-30b
015.md	483	KR1d0058_WYG_015-31a
015.md	491	KR1d0058_WYG_015-31b
015.md	499	KR1d0058_WYG_015-32a
015.md	507	KR1d0058_WYG_015-32b
015.md	515	KR1d0058_WYG_015-33a
015.md	523	KR1d0058_WYG_015-33b
015.md	531	KR1d0058_WYG_015-34a
015.md	539	KR1d0058_WYG_015-34b
015.md	547	KR1d0058_WYG_015-35a
015.md	555	KR1d0058_WYG_015-35b
015.md	563	KR1d0058_WYG_015-36a
015.md	571	KR1d0058_WYG_015-36b
015.md	579	KR1d0058_WYG_015-37a
015.md	587	KR1d0058_WYG_015-37b
015.md	595	KR1d0058_WYG_015-38a
015.md	603	KR1d0058_WYG_015-38b
015.md	611	KR1d0058_WYG_015-39a
015.md	619	KR1d0058_WYG_015-39b
015.md	627	KR1d0058_WYG_015-40a
015.md	635	KR1d0058_WYG_015-40b
015.md	643	KR1d0058_WYG_015-41a
015.md	651	KR1d0058_WYG_015-41b
015.md	659	KR1d0058_WYG_015-42a
015.md	667	KR1d0058_WYG_015-42b
015.md	675	KR1d0058_WYG_015-43a
015.md	683	KR1d0058_WYG_015-43b
015.md	691	KR1d0058_WYG_015-44a
015.md	699	KR1d0058_WYG_015-44b
015.md	707	KR1d0058_WYG_015-45a
015.md	715	KR1d0058_WYG_015-45b
015.md	723	KR1d0058_WYG_015-46a
015.md	731	KR1d0058_WYG_015-46b
015.md	739	KR1d0058_WYG_015-47a
015.md	747	KR1d0058_WYG_015-47b
015.md	755	KR1d0058_WYG_015-48a
015.md	763	KR1d0058_WYG_015-48b
015.md	771	KR1d0058_WYG_015-49a
015.md	779	KR1d0058_WYG_015-49b
015.md	787	KR1d0058_WYG_015-50a
015.md	795	KR1d0058_WYG_015-50b
015.md	803	KR1d0058_WYG_015-51a
015.md	811	KR1d0058_WYG_015-51b
015.md	819	KR1d0058_WYG_015-52a
015.md	827	KR1d0058_WYG_015-52b
015.md	835	KR1d0058_WYG_015-53a
015.md	843	KR1d0058_WYG_015-53b
015.md	851	KR1d0058_WYG_015-54a
015.md	859	KR1d0058_WYG_015-54b
015.md	867	KR1d0058_WYG_015-55a
015.md	875	KR1d0058_WYG_015-55b
015.md	883	KR1d0058_WYG_015-56a
015.md	891	KR1d0058_WYG_015-56b
015.md	899	KR1d0058_WYG_015-57a
015.md	907	KR1d0058_WYG_015-57b
015.md	915	KR1d0058_WYG_015-58a
015.md	923	KR1d0058_WYG_015-58b
015.md	931	KR1d0058_WYG_015-59a
015.md	939	KR1d0058_WYG_015-59b
015.md	947	KR1d0058_WYG_015-60a
015.md	955	KR1d0058_WYG_015-60b
015.md	963	KR1d0058_WYG_015-61a
015.md	971	KR1d0058_WYG_015-61b
015.md	979	KR1d0058_WYG_015-62a
015.md	987	KR1d0058_WYG_015-62b
015.md	995	KR1d0058_WYG_015-63a
015.md	1003	KR1d0058_WYG_015-63b
015.md	1011	KR1d0058_WYG_015-64a
015.md	1019	KR1d0058_WYG_015-64b
015.md	1027	KR1d0058_WYG_015-65a
015.md	1035	KR1d0058_WYG_015-65b
015.md	1043	KR1d0058_WYG_015-66a
015.md	1051	KR1d0058_WYG_015-66b
015.md	1059	KR1d0058_WYG_015-67a
015.md	1067	KR1d0058_WYG_015-67b
015.md	1075	KR1d0058_WYG_015-68a
015.md	1083	KR1d0058_WYG_015-68b
015.md	1091	KR1d0058_WYG_015-69a
015.md	1099	KR1d0058_WYG_015-69b
015.md	1107	KR1d0058_WYG_015-70a
015.md	1115	KR1d0058_WYG_015-70b
015.md	1123	KR1d0058_WYG_015-71a
015.md	1131	KR1d0058_WYG_015-71b
015.md	1139	KR1d0058_WYG_015-72a
015.md	1147	KR1d0058_WYG_015-72b
015.md	1155	KR1d0058_WYG_015-73a
015.md	1163	KR1d0058_WYG_015-73b
015.md	1171	KR1d0058_WYG_015-74a
015.md	1179	KR1d0058_WYG_015-74b
015.md	1187	KR1d0058_WYG_015-75a
015.md	1195	KR1d0058_WYG_015-75b
015.md	1203	KR1d0058_WYG_015-76a
015.md	1211	KR1d0058_WYG_015-76b
015.md	1219	KR1d0058_WYG_015-77a
015.md	1227	KR1d0058_WYG_015-77b
015.md	1235	KR1d0058_WYG_015-78a
015.md	1243	KR1d0058_WYG_015-78b
015.md	1251	KR1d0058_WYG_015-79a
015.md	1259	KR1d0058_WYG_015-79b
015.md	1267	KR1d0058_WYG_015-80a
015.md	1275	KR1d0058_WYG_015-80b
015.md	1283	KR1d0058_WYG_015-81a
015.md	1291	KR1d0058_WYG_015-81b
015.md	1299	KR1d0058_WYG_015-82a
015.md	1307	KR1d0058_WYG_015-82b
015.md	1315	KR1d0058_WYG_015-83a
015.md	1323	KR1d0058_WYG_015-83b
015.md	1331	KR1d0058_WYG_015-84a
015.md	1339	KR1d0058_WYG_015-84b
015.md	1347	KR1d0058_WYG_015-85a
015.md	1355	KR1d0058_WYG_015-85b
015.md	1363	KR1d0058_WYG_015-86a
015.md	1371	KR1d0058_WYG_015-86b
015.md	1379	KR1d0058_WYG_015-87a
015.md	1387	KR1d0058_WYG_015-87b
015.md	1395	KR1d0058_WYG_015-88a
015.md	1403	KR1d0058_WYG_015-88b
015.md	1411	KR1d0058_WYG_015-89a
015.md	1419	KR1d0058_WYG_015-89b
015.md	1427	KR1d0058_WYG_015-90a
015.md	1435	KR1d0058_WYG_015-90b
015.md	1443	KR1d0058_WYG_015-91a
015.md	1451	KR1d0058_WYG_015-91b
015.md	1459	KR1d0058_WYG_015-92a
015.md	1467	KR1d0058_WYG_015-92b
016.md	3	KR1d0058_WYG_016-1a
016.md	11	KR1d0058_WYG_016-1b
016.md	19	KR1d0058_WYG_016-2a
016.md	27	KR1d0058_WYG_016-2b
016.md	35	KR1d0058_WYG_016-3a
016.md	43	KR1d0058_WYG_016-3b
016.md	51	KR1d0058_WYG_016-4a
016.md	59	KR1d0058_WYG_016-4b
016.md	67	KR1d0058_WYG_016-5a
016.md	75	KR1d0058_WYG_016-5b
016.md	83	KR1d0058_WYG_016-6a
016.md	91	KR1d0058_WYG_016-6b
016.md	99	KR1d0058_WYG_016-7a
016.md	107	KR1d0058_WYG_016-7b
016.md	115	KR1d0058_WYG_016-8a
016.md	123	KR1d0058_WYG_016-8b
016.md	131	KR1d0058_WYG_016-9a
016.md	139	KR1d0058_WYG_016-9b
016.md	147	KR1d0058_WYG_016-10a
016.md	155	KR1d0058_WYG_016-10b
016.md	163	KR1d0058_WYG_016-11a
016.md	171	KR1d0058_WYG_016-11b
016.md	179	KR1d0058_WYG_016-12a
016.md	187	KR1d0058_WYG_016-12b
016.md	195	KR1d0058_WYG_016-13a
016.md	203	KR1d0058_WYG_016-13b
016.md	211	KR1d0058_WYG_016-14a
016.md	219	KR1d0058_WYG_016-14b
016.md	227	KR1d0058_WYG_016-15a
016.md	235	KR1d0058_WYG_016-15b
016.md	243	KR1d0058_WYG_016-16a
016.md	251	KR1d0058_WYG_016-16b
016.md	259	KR1d0058_WYG_016-17a
016.md	267	KR1d0058_WYG_016-17b
016.md	275	KR1d0058_WYG_016-18a
016.md	283	KR1d0058_WYG_016-18b
016.md	291	KR1d0058_WYG_016-19a
016.md	299	KR1d0058_WYG_016-19b
016.md	307	KR1d0058_WYG_016-20a
016.md	315	KR1d0058_WYG_016-20b
016.md	323	KR1d0058_WYG_016-21a
016.md	331	KR1d0058_WYG_016-21b
016.md	339	KR1d0058_WYG_016-22a
016.md	347	KR1d0058_WYG_016-22b
016.md	355	KR1d0058_WYG_016-23a
016.md	363	KR1d0058_WYG_016-23b
016.md	371	KR1d0058_WYG_016-24a
016.md	379	KR1d0058_WYG_016-24b
016.md	387	KR1d0058_WYG_016-25a
016.md	395	KR1d0058_WYG_016-25b
016.md	403	KR1d0058_WYG_016-26a
016.md	411	KR1d0058_WYG_016-26b
016.md	419	KR1d0058_WYG_016-27a
016.md	427	KR1d0058_WYG_016-27b
016.md	435	KR1d0058_WYG_016-28a
016.md	443	KR1d0058_WYG_016-28b
016.md	451	KR1d0058_WYG_016-29a
016.md	459	KR1d0058_WYG_016-29b
016.md	467	KR1d0058_WYG_016-30a
016.md	475	KR1d0058_WYG_016-30b
016.md	483	KR1d0058_WYG_016-31a
016.md	491	KR1d0058_WYG_016-31b
016.md	499	KR1d0058_WYG_016-32a
016.md	507	KR1d0058_WYG_016-32b
016.md	515	KR1d0058_WYG_016-33a
016.md	523	KR1d0058_WYG_016-33b
016.md	531	KR1d0058_WYG_016-34a
016.md	539	KR1d0058_WYG_016-34b
016.md	547	KR1d0058_WYG_016-35a
016.md	555	KR1d0058_WYG_016-35b
016.md	563	KR1d0058_WYG_016-36a
016.md	571	KR1d0058_WYG_016-36b
016.md	579	KR1d0058_WYG_016-37a
016.md	587	KR1d0058_WYG_016-37b
016.md	595	KR1d0058_WYG_016-38a
016.md	603	KR1d0058_WYG_016-38b
017.md	3	KR1d0058_WYG_017-1a
017.md	11	KR1d0058_WYG_017-1b
017.md	19	KR1d0058_WYG_017-2a
017.md	27	KR1d0058_WYG_017-2b
017.md	35	KR1d0058_WYG_017-3a
017.md	43	KR1d0058_WYG_017-3b
017.md	51	KR1d0058_WYG_017-4a
017.md	59	KR1d0058_WYG_017-4b
017.md	67	KR1d0058_WYG_017-5a
017.md	75	KR1d0058_WYG_017-5b
017.md	83	KR1d0058_WYG_017-6a
017.md	91	KR1d0058_WYG_017-6b
017.md	99	KR1d0058_WYG_017-7a
017.md	107	KR1d0058_WYG_017-7b
017.md	115	KR1d0058_WYG_017-8a
017.md	123	KR1d0058_WYG_017-8b
017.md	131	KR1d0058_WYG_017-9a
017.md	139	KR1d0058_WYG_017-9b
017.md	147	KR1d0058_WYG_017-10a
017.md	155	KR1d0058_WYG_017-10b
017.md	163	KR1d0058_WYG_017-11a
017.md	171	KR1d0058_WYG_017-11b
017.md	179	KR1d0058_WYG_017-12a
017.md	187	KR1d0058_WYG_017-12b
017.md	195	KR1d0058_WYG_017-13a
017.md	203	KR1d0058_WYG_017-13b
017.md	211	KR1d0058_WYG_017-14a
017.md	219	KR1d0058_WYG_017-14b
017.md	227	KR1d0058_WYG_017-15a
017.md	235	KR1d0058_WYG_017-15b
017.md	243	KR1d0058_WYG_017-16a
017.md	251	KR1d0058_WYG_017-16b
017.md	259	KR1d0058_WYG_017-17a
017.md	267	KR1d0058_WYG_017-17b
017.md	275	KR1d0058_WYG_017-18a
017.md	283	KR1d0058_WYG_017-18b
017.md	291	KR1d0058_WYG_017-19a
017.md	299	KR1d0058_WYG_017-19b
017.md	307	KR1d0058_WYG_017-20a
017.md	315	KR1d0058_WYG_017-20b
018.md	3	KR1d0058_WYG_018-1a
018.md	11	KR1d0058_WYG_018-1b
018.md	19	KR1d0058_WYG_018-2a
018.md	27	KR1d0058_WYG_018-2b
018.md	35	KR1d0058_WYG_018-3a
018.md	43	KR1d0058_WYG_018-3b
018.md	51	KR1d0058_WYG_018-4a
018.md	59	KR1d0058_WYG_018-4b
018.md	67	KR1d0058_WYG_018-5a
018.md	75	KR1d0058_WYG_018-5b
018.md	83	KR1d0058_WYG_018-6a
018.md	91	KR1d0058_WYG_018-6b
018.md	99	KR1d0058_WYG_018-7a
018.md	107	KR1d0058_WYG_018-7b
018.md	115	KR1d0058_WYG_018-8a
018.md	123	KR1d0058_WYG_018-8b
018.md	131	KR1d0058_WYG_018-9a
018.md	139	KR1d0058_WYG_018-9b
018.md	147	KR1d0058_WYG_018-10a
018.md	155	KR1d0058_WYG_018-10b
018.md	163	KR1d0058_WYG_018-11a
018.md	171	KR1d0058_WYG_018-11b
018.md	179	KR1d0058_WYG_018-12a
018.md	187	KR1d0058_WYG_018-12b
018.md	195	KR1d0058_WYG_018-13a
018.md	203	KR1d0058_WYG_018-13b
018.md	211	KR1d0058_WYG_018-14a
018.md	219	KR1d0058_WYG_018-14b
019.md	3	KR1d0058_WYG_019-1a
019.md	11	KR1d0058_WYG_019-1b
019.md	19	KR1d0058_WYG_019-2a
019.md	27	KR1d0058_WYG_019-2b
019.md	35	KR1d0058_WYG_019-3a
019.md	43	KR1d0058_WYG_019-3b
019.md	51	KR1d0058_WYG_019-4a
019.md	59	KR1d0058_WYG_019-4b
019.md	67	KR1d0058_WYG_019-5a
019.md	75	KR1d0058_WYG_019-5b
019.md	83	KR1d0058_WYG_019-6a
019.md	91	KR1d0058_WYG_019-6b
019.md	99	KR1d0058_WYG_019-7a
019.md	107	KR1d0058_WYG_019-7b
019.md	115	KR1d0058_WYG_019-8a
019.md	123	KR1d0058_WYG_019-8b
019.md	131	KR1d0058_WYG_019-9a
019.md	139	KR1d0058_WYG_019-9b
019.md	147	KR1d0058_WYG_019-10a
019.md	155	KR1d0058_WYG_019-10b
019.md	163	KR1d0058_WYG_019-11a
019.md	171	KR1d0058_WYG_019-11b
019.md	179	KR1d0058_WYG_019-12a
019.md	187	KR1d0058_WYG_019-12b
020.md	3	KR1d0058_WYG_020-1a
020.md	11	KR1d0058_WYG_020-1b
020.md	19	KR1d0058_WYG_020-2a
020.md	27	KR1d0058_WYG_020-2b
020.md	35	KR1d0058_WYG_020-3a
020.md	43	KR1d0058_WYG_020-3b
020.md	51	KR1d0058_WYG_020-4a
020.md	59	KR1d0058_WYG_020-4b
020.md	67	KR1d0058_WYG_020-5a
020.md	75	KR1d0058_WYG_020-5b
020.md	83	KR1d0058_WYG_020-6a
020.md	91	KR1d0058_WYG_020-6b
020.md	99	KR1d0058_WYG_020-7a
020.md	107	KR1d0058_WYG_020-7b
020.md	115	KR1d0058_WYG_020-8a
020.md	123	KR1d0058_WYG_020-8b
020.md	131	KR1d0058_WYG_020-9a
020.md	139	KR1d0058_WYG_020-9b
020.md	147	KR1d0058_WYG_020-10a
020.md	155	KR1d0058_WYG_020-10b
020.md	163	KR1d0058_WYG_020-11a
020.md	171	KR1d0058_WYG_020-11b
020.md	179	KR1d0058_WYG_020-12a
020.md	187	KR1d0058_WYG_020-12b
020.md	195	KR1d0058_WYG_020-13a
020.md	203	KR1d0058_WYG_020-13b
020.md	211	KR1d0058_WYG_020-14a
020.md	219	KR1d0058_WYG_020-14b
020.md	227	KR1d0058_WYG_020-15a
020.md	235	KR1d0058_WYG_020-15b
020.md	243	KR1d0058_WYG_020-16a
020.md	251	KR1d0058_WYG_020-16b
021.md	3	KR1d0058_WYG_021-1a
021.md	11	KR1d0058_WYG_021-1b
021.md	19	KR1d0058_WYG_021-2a
021.md	27	KR1d0058_WYG_021-2b
021.md	35	KR1d0058_WYG_021-3a
021.md	43	KR1d0058_WYG_021-3b
021.md	51	KR1d0058_WYG_021-4a
021.md	59	KR1d0058_WYG_021-4b
021.md	67	KR1d0058_WYG_021-5a
021.md	75	KR1d0058_WYG_021-5b
021.md	83	KR1d0058_WYG_021-6a
021.md	91	KR1d0058_WYG_021-6b
021.md	99	KR1d0058_WYG_021-7a
021.md	107	KR1d0058_WYG_021-7b
021.md	115	KR1d0058_WYG_021-8a
021.md	123	KR1d0058_WYG_021-8b
021.md	131	KR1d0058_WYG_021-9a
021.md	139	KR1d0058_WYG_021-9b
021.md	147	KR1d0058_WYG_021-10a
021.md	155	KR1d0058_WYG_021-10b
021.md	163	KR1d0058_WYG_021-11a
021.md	171	KR1d0058_WYG_021-11b
021.md	179	KR1d0058_WYG_021-12a
021.md	187	KR1d0058_WYG_021-12b
021.md	195	KR1d0058_WYG_021-13a
021.md	203	KR1d0058_WYG_021-13b
021.md	211	KR1d0058_WYG_021-14a
021.md	219	KR1d0058_WYG_021-14b
021.md	227	KR1d0058_WYG_021-15a
021.md	235	KR1d0058_WYG_021-15b
021.md	243	KR1d0058_WYG_021-16a
021.md	251	KR1d0058_WYG_021-16b
021.md	259	KR1d0058_WYG_021-17a
021.md	267	KR1d0058_WYG_021-17b
021.md	275	KR1d0058_WYG_021-18a
021.md	283	KR1d0058_WYG_021-18b
021.md	291	KR1d0058_WYG_021-19a
021.md	299	KR1d0058_WYG_021-19b
021.md	307	KR1d0058_WYG_021-20a
021.md	315	KR1d0058_WYG_021-20b
021.md	323	KR1d0058_WYG_021-21a
021.md	331	KR1d0058_WYG_021-21b
021.md	339	KR1d0058_WYG_021-22a
021.md	347	KR1d0058_WYG_021-22b
021.md	355	KR1d0058_WYG_021-23a
021.md	363	KR1d0058_WYG_021-23b
021.md	371	KR1d0058_WYG_021-24a
021.md	379	KR1d0058_WYG_021-24b
021.md	387	KR1d0058_WYG_021-25a
021.md	395	KR1d0058_WYG_021-25b
021.md	403	KR1d0058_WYG_021-26a
021.md	411	KR1d0058_WYG_021-26b
021.md	419	KR1d0058_WYG_021-27a
021.md	427	KR1d0058_WYG_021-27b
021.md	435	KR1d0058_WYG_021-28a
021.md	443	KR1d0058_WYG_021-28b
021.md	451	KR1d0058_WYG_021-29a
021.md	459	KR1d0058_WYG_021-29b
021.md	467	KR1d0058_WYG_021-30a
021.md	475	KR1d0058_WYG_021-30b
021.md	483	KR1d0058_WYG_021-31a
021.md	491	KR1d0058_WYG_021-31b
021.md	499	KR1d0058_WYG_021-32a
021.md	507	KR1d0058_WYG_021-32b
022.md	3	KR1d0058_WYG_022-1a
022.md	11	KR1d0058_WYG_022-1b
022.md	19	KR1d0058_WYG_022-2a
022.md	27	KR1d0058_WYG_022-2b
022.md	35	KR1d0058_WYG_022-3a
022.md	43	KR1d0058_WYG_022-3b
022.md	51	KR1d0058_WYG_022-4a
022.md	59	KR1d0058_WYG_022-4b
022.md	67	KR1d0058_WYG_022-5a
022.md	75	KR1d0058_WYG_022-5b
022.md	83	KR1d0058_WYG_022-6a
022.md	91	KR1d0058_WYG_022-6b
022.md	99	KR1d0058_WYG_022-7a
022.md	107	KR1d0058_WYG_022-7b
022.md	115	KR1d0058_WYG_022-8a
022.md	123	KR1d0058_WYG_022-8b
022.md	131	KR1d0058_WYG_022-9a
022.md	139	KR1d0058_WYG_022-9b
022.md	147	KR1d0058_WYG_022-10a
022.md	155	KR1d0058_WYG_022-10b
022.md	163	KR1d0058_WYG_022-11a
022.md	171	KR1d0058_WYG_022-11b
022.md	179	KR1d0058_WYG_022-12a
022.md	187	KR1d0058_WYG_022-12b
022.md	195	KR1d0058_WYG_022-13a
022.md	203	KR1d0058_WYG_022-13b
022.md	211	KR1d0058_WYG_022-14a
022.md	219	KR1d0058_WYG_022-14b
022.md	227	KR1d0058_WYG_022-15a
022.md	235	KR1d0058_WYG_022-15b
022.md	243	KR1d0058_WYG_022-16a
022.md	251	KR1d0058_WYG_022-16b
022.md	259	KR1d0058_WYG_022-17a
022.md	267	KR1d0058_WYG_022-17b
022.md	275	KR1d0058_WYG_022-18a
022.md	283	KR1d0058_WYG_022-18b
022.md	291	KR1d0058_WYG_022-19a
022.md	299	KR1d0058_WYG_022-19b
022.md	307	KR1d0058_WYG_022-20a
022.md	315	KR1d0058_WYG_022-20b
022.md	323	KR1d0058_WYG_022-21a
022.md	331	KR1d0058_WYG_022-21b
022.md	339	KR1d0058_WYG_022-22a
022.md	347	KR1d0058_WYG_022-22b
022.md	355	KR1d0058_WYG_022-23a
022.md	363	KR1d0058_WYG_022-23b
022.md	371	KR1d0058_WYG_022-24a
022.md	379	KR1d0058_WYG_022-24b
022.md	387	KR1d0058_WYG_022-25a
022.md	395	KR1d0058_WYG_022-25b
022.md	403	KR1d0058_WYG_022-26a
022.md	411	KR1d0058_WYG_022-26b
022.md	419	KR1d0058_WYG_022-27a
022.md	427	KR1d0058_WYG_022-27b
022.md	435	KR1d0058_WYG_022-28a
022.md	443	KR1d0058_WYG_022-28b
022.md	451	KR1d0058_WYG_022-29a
022.md	459	KR1d0058_WYG_022-29b
022.md	467	KR1d0058_WYG_022-30a
022.md	475	KR1d0058_WYG_022-30b
022.md	483	KR1d0058_WYG_022-31a
022.md	491	KR1d0058_WYG_022-31b
022.md	499	KR1d0058_WYG_022-32a
022.md	507	KR1d0058_WYG_022-32b
022.md	515	KR1d0058_WYG_022-33a
022.md	523	KR1d0058_WYG_022-33b
022.md	531	KR1d0058_WYG_022-34a
022.md	539	KR1d0058_WYG_022-34b
022.md	547	KR1d0058_WYG_022-35a
022.md	555	KR1d0058_WYG_022-35b
022.md	563	KR1d0058_WYG_022-36a
022.md	571	KR1d0058_WYG_022-36b
022.md	579	KR1d0058_WYG_022-37a
022.md	587	KR1d0058_WYG_022-37b
022.md	595	KR1d0058_WYG_022-38a
022.md	603	KR1d0058_WYG_022-38b
022.md	611	KR1d0058_WYG_022-39a
022.md	619	KR1d0058_WYG_022-39b
022.md	627	KR1d0058_WYG_022-40a
022.md	635	KR1d0058_WYG_022-40b
022.md	643	KR1d0058_WYG_022-41a
022.md	651	KR1d0058_WYG_022-41b
022.md	659	KR1d0058_WYG_022-42a
022.md	667	KR1d0058_WYG_022-42b
022.md	675	KR1d0058_WYG_022-43a
022.md	683	KR1d0058_WYG_022-43b
022.md	691	KR1d0058_WYG_022-44a
022.md	699	KR1d0058_WYG_022-44b
022.md	707	KR1d0058_WYG_022-45a
022.md	715	KR1d0058_WYG_022-45b
022.md	723	KR1d0058_WYG_022-46a
022.md	731	KR1d0058_WYG_022-46b
022.md	739	KR1d0058_WYG_022-47a
022.md	747	KR1d0058_WYG_022-47b
022.md	755	KR1d0058_WYG_022-48a
022.md	763	KR1d0058_WYG_022-48b
022.md	771	KR1d0058_WYG_022-49a
022.md	779	KR1d0058_WYG_022-49b
022.md	787	KR1d0058_WYG_022-50a
022.md	795	KR1d0058_WYG_022-50b
022.md	803	KR1d0058_WYG_022-51a
022.md	811	KR1d0058_WYG_022-51b
022.md	819	KR1d0058_WYG_022-52a
022.md	827	KR1d0058_WYG_022-52b
022.md	835	KR1d0058_WYG_022-53a
022.md	843	KR1d0058_WYG_022-53b
022.md	851	KR1d0058_WYG_022-54a
022.md	859	KR1d0058_WYG_022-54b
022.md	867	KR1d0058_WYG_022-55a
022.md	875	KR1d0058_WYG_022-55b
022.md	883	KR1d0058_WYG_022-56a
022.md	891	KR1d0058_WYG_022-56b
022.md	899	KR1d0058_WYG_022-57a
022.md	907	KR1d0058_WYG_022-57b
022.md	915	KR1d0058_WYG_022-58a
022.md	923	KR1d0058_WYG_022-58b
022.md	931	KR1d0058_WYG_022-59a
022.md	939	KR1d0058_WYG_022-59b
022.md	947	KR1d0058_WYG_022-60a
022.md	955	KR1d0058_WYG_022-60b
022.md	963	KR1d0058_WYG_022-61a
022.md	971	KR1d0058_WYG_022-61b
022.md	979	KR1d0058_WYG_022-62a
022.md	987	KR1d0058_WYG_022-62b
022.md	995	KR1d0058_WYG_022-63a
022.md	1003	KR1d0058_WYG_022-63b
022.md	1011	KR1d0058_WYG_022-64a
022.md	1019	KR1d0058_WYG_022-64b
022.md	1027	KR1d0058_WYG_022-65a
022.md	1035	KR1d0058_WYG_022-65b
022.md	1043	KR1d0058_WYG_022-66a
022.md	1051	KR1d0058_WYG_022-66b
022.md	1059	KR1d0058_WYG_022-67a
022.md	1067	KR1d0058_WYG_022-67b
022.md	1075	KR1d0058_WYG_022-68a
022.md	1083	KR1d0058_WYG_022-68b
022.md	1091	KR1d0058_WYG_022-69a
022.md	1099	KR1d0058_WYG_022-69b
022.md	1107	KR1d0058_WYG_022-70a
022.md	1115	KR1d0058_WYG_022-70b
022.md	1123	KR1d0058_WYG_022-71a
022.md	1131	KR1d0058_WYG_022-71b
022.md	1139	KR1d0058_WYG_022-72a
022.md	1147	KR1d0058_WYG_022-72b
022.md	1155	KR1d0058_WYG_022-73a
022.md	1163	KR1d0058_WYG_022-73b
022.md	1171	KR1d0058_WYG_022-74a
022.md	1179	KR1d0058_WYG_022-74b
022.md	1187	KR1d0058_WYG_022-75a
022.md	1195	KR1d0058_WYG_022-75b
022.md	1203	KR1d0058_WYG_022-76a
022.md	1211	KR1d0058_WYG_022-76b
022.md	1219	KR1d0058_WYG_022-77a
022.md	1227	KR1d0058_WYG_022-77b
022.md	1235	KR1d0058_WYG_022-78a
022.md	1243	KR1d0058_WYG_022-78b
022.md	1251	KR1d0058_WYG_022-79a
022.md	1259	KR1d0058_WYG_022-79b
022.md	1267	KR1d0058_WYG_022-80a
022.md	1275	KR1d0058_WYG_022-80b
022.md	1283	KR1d0058_WYG_022-81a
022.md	1291	KR1d0058_WYG_022-81b
022.md	1299	KR1d0058_WYG_022-82a
022.md	1307	KR1d0058_WYG_022-82b
022.md	1315	KR1d0058_WYG_022-83a
022.md	1323	KR1d0058_WYG_022-83b
022.md	1331	KR1d0058_WYG_022-84a
022.md	1339	KR1d0058_WYG_022-84b
022.md	1347	KR1d0058_WYG_022-85a
022.md	1355	KR1d0058_WYG_022-85b
022.md	1363	KR1d0058_WYG_022-86a
022.md	1371	KR1d0058_WYG_022-86b
022.md	1379	KR1d0058_WYG_022-87a
022.md	1387	KR1d0058_WYG_022-87b
022.md	1395	KR1d0058_WYG_022-88a
022.md	1403	KR1d0058_WYG_022-88b
022.md	1411	KR1d0058_WYG_022-89a
022.md	1419	KR1d0058_WYG_022-89b
022.md	1427	KR1d0058_WYG_022-90a
022.md	1435	KR1d0058_WYG_022-90b
022.md	1443	KR1d0058_WYG_022-91a
022.md	1451	KR1d0058_WYG_022-91b
022.md	1459	KR1d0058_WYG_022-92a
022.md	1467	KR1d0058_WYG_022-92b
023.md	3	KR1d0058_WYG_023-1a
023.md	11	KR1d0058_WYG_023-1b
023.md	19	KR1d0058_WYG_023-2a
023.md	27	KR1d0058_WYG_023-2b
023.md	35	KR1d0058_WYG_023-3a
023.md	43	KR1d0058_WYG_023-3b
023.md	51	KR1d0058_WYG_023-4a
023.md	59	KR1d0058_WYG_023-4b
023.md	67	KR1d0058_WYG_023-5a
023.md	75	KR1d0058_WYG_023-5b
023.md	83	KR1d0058_WYG_023-6a
023.md	91	KR1d0058_WYG_023-6b
023.md	99	KR1d0058_WYG_023-7a
023.md	107	KR1d0058_WYG_023-7b
023.md	115	KR1d0058_WYG_023-8a
023.md	123	KR1d0058_WYG_023-8b
023.md	131	KR1d0058_WYG_023-9a
023.md	139	KR1d0058_WYG_023-9b
023.md	147	KR1d0058_WYG_023-10a
023.md	155	KR1d0058_WYG_023-10b
023.md	163	KR1d0058_WYG_023-11a
023.md	171	KR1d0058_WYG_023-11b
023.md	179	KR1d0058_WYG_023-12a
023.md	187	KR1d0058_WYG_023-12b
023.md	195	KR1d0058_WYG_023-13a
023.md	203	KR1d0058_WYG_023-13b
023.md	211	KR1d0058_WYG_023-14a
023.md	219	KR1d0058_WYG_023-14b
023.md	227	KR1d0058_WYG_023-15a
023.md	235	KR1d0058_WYG_023-15b
023.md	243	KR1d0058_WYG_023-16a
023.md	251	KR1d0058_WYG_023-16b
023.md	259	KR1d0058_WYG_023-17a
023.md	267	KR1d0058_WYG_023-17b
023.md	275	KR1d0058_WYG_023-18a
023.md	283	KR1d0058_WYG_023-18b
023.md	291	KR1d0058_WYG_023-19a
023.md	299	KR1d0058_WYG_023-19b
023.md	307	KR1d0058_WYG_023-20a
023.md	315	KR1d0058_WYG_023-20b
023.md	323	KR1d0058_WYG_023-21a
023.md	331	KR1d0058_WYG_023-21b
023.md	339	KR1d0058_WYG_023-22a
023.md	347	KR1d0058_WYG_023-22b
023.md	355	KR1d0058_WYG_023-23a
023.md	363	KR1d0058_WYG_023-23b
023.md	371	KR1d0058_WYG_023-24a
023.md	379	KR1d0058_WYG_023-24b
023.md	387	KR1d0058_WYG_023-25a
023.md	395	KR1d0058_WYG_023-25b
023.md	403	KR1d0058_WYG_023-26a
023.md	411	KR1d0058_WYG_023-26b
023.md	419	KR1d0058_WYG_023-27a
023.md	427	KR1d0058_WYG_023-27b
023.md	435	KR1d0058_WYG_023-28a
023.md	443	KR1d0058_WYG_023-28b
023.md	451	KR1d0058_WYG_023-29a
023.md	459	KR1d0058_WYG_023-29b
023.md	467	KR1d0058_WYG_023-30a
023.md	475	KR1d0058_WYG_023-30b
023.md	483	KR1d0058_WYG_023-31a
023.md	491	KR1d0058_WYG_023-31b
023.md	499	KR1d0058_WYG_023-32a
023.md	507	KR1d0058_WYG_023-32b
023.md	515	KR1d0058_WYG_023-33a
023.md	523	KR1d0058_WYG_023-33b
023.md	531	KR1d0058_WYG_023-34a
023.md	539	KR1d0058_WYG_023-34b
023.md	547	KR1d0058_WYG_023-35a
023.md	555	KR1d0058_WYG_023-35b
023.md	563	KR1d0058_WYG_023-36a
023.md	571	KR1d0058_WYG_023-36b
023.md	579	KR1d0058_WYG_023-37a
023.md	587	KR1d0058_WYG_023-37b
023.md	595	KR1d0058_WYG_023-38a
023.md	603	KR1d0058_WYG_023-38b
023.md	611	KR1d0058_WYG_023-39a
023.md	619	KR1d0058_WYG_023-39b
023.md	627	KR1d0058_WYG_023-40a
023.md	635	KR1d0058_WYG_023-40b
023.md	643	KR1d0058_WYG_023-41a
023.md	651	KR1d0058_WYG_023-41b
023.md	659	KR1d0058_WYG_023-42a
023.md	667	KR1d0058_WYG_023-42b
023.md	675	KR1d0058_WYG_023-43a
023.md	683	KR1d0058_WYG_023-43b
023.md	691	KR1d0058_WYG_023-44a
023.md	699	KR1d0058_WYG_023-44b
023.md	707	KR1d0058_WYG_023-45a
023.md	715	KR1d0058_WYG_023-45b
023.md	723	KR1d0058_WYG_023-46a
023.md	731	KR1d0058_WYG_023-46b
023.md	739	KR1d0058_WYG_023-47a
023.md	747	KR1d0058_WYG_023-47b
023.md	755	KR1d0058_WYG_023-48a
023.md	763	KR1d0058_WYG_023-48b
023.md	771	KR1d0058_WYG_023-49a
023.md	779	KR1d0058_WYG_023-49b
023.md	787	KR1d0058_WYG_023-50a
023.md	795	KR1d0058_WYG_023-50b
023.md	803	KR1d0058_WYG_023-51a
023.md	811	KR1d0058_WYG_023-51b
023.md	819	KR1d0058_WYG_023-52a
023.md	827	KR1d0058_WYG_023-52b
023.md	835	KR1d0058_WYG_023-53a
023.md	843	KR1d0058_WYG_023-53b
023.md	851	KR1d0058_WYG_023-54a
023.md	859	KR1d0058_WYG_023-54b
023.md	867	KR1d0058_WYG_023-55a
023.md	875	KR1d0058_WYG_023-55b
023.md	883	KR1d0058_WYG_023-56a
023.md	891	KR1d0058_WYG_023-56b
023.md	899	KR1d0058_WYG_023-57a
023.md	907	KR1d0058_WYG_023-57b
023.md	915	KR1d0058_WYG_023-58a
023.md	923	KR1d0058_WYG_023-58b
023.md	931	KR1d0058_WYG_023-59a
023.md	939	KR1d0058_WYG_023-59b
023.md	947	KR1d0058_WYG_023-60a
023.md	955	KR1d0058_WYG_023-60b
023.md	963	KR1d0058_WYG_023-61a
023.md	971	KR1d0058_WYG_023-61b
023.md	979	KR1d0058_WYG_023-62a
023.md	987	KR1d0058_WYG_023-62b
023.md	995	KR1d0058_WYG_023-63a
023.md	1003	KR1d0058_WYG_023-63b
023.md	1011	KR1d0058_WYG_023-64a
023.md	1019	KR1d0058_WYG_023-64b
023.md	1027	KR1d0058_WYG_023-65a
023.md	1035	KR1d0058_WYG_023-65b
023.md	1043	KR1d0058_WYG_023-66a
023.md	1051	KR1d0058_WYG_023-66b
023.md	1059	KR1d0058_WYG_023-67a
023.md	1067	KR1d0058_WYG_023-67b
023.md	1075	KR1d0058_WYG_023-68a
023.md	1083	KR1d0058_WYG_023-68b
023.md	1091	KR1d0058_WYG_023-69a
023.md	1099	KR1d0058_WYG_023-69b
023.md	1107	KR1d0058_WYG_023-70a
023.md	1115	KR1d0058_WYG_023-70b
023.md	1123	KR1d0058_WYG_023-71a
023.md	1131	KR1d0058_WYG_023-71b
023.md	1139	KR1d0058_WYG_023-72a
023.md	1147	KR1d0058_WYG_023-72b
023.md	1155	KR1d0058_WYG_023-73a
023.md	1163	KR1d0058_WYG_023-73b
023.md	1171	KR1d0058_WYG_023-74a
023.md	1179	KR1d0058_WYG_023-74b
023.md	1187	KR1d0058_WYG_023-75a
023.md	1195	KR1d0058_WYG_023-75b
023.md	1203	KR1d0058_WYG_023-76a
023.md	1211	KR1d0058_WYG_023-76b
023.md	1219	KR1d0058_WYG_023-77a
023.md	1227	KR1d0058_WYG_023-77b
023.md	1235	KR1d0058_WYG_023-78a
023.md	1243	KR1d0058_WYG_023-78b
023.md	1251	KR1d0058_WYG_023-79a
023.md	1259	KR1d0058_WYG_023-79b
023.md	1267	KR1d0058_WYG_023-80a
023.md	1275	KR1d0058_WYG_023-80b
024.md	3	KR1d0058_WYG_024-1a
024.md	11	KR1d0058_WYG_024-1b
024.md	19	KR1d0058_WYG_024-2a
024.md	27	KR1d0058_WYG_024-2b
024.md	35	KR1d0058_WYG_024-3a
024.md	43	KR1d0058_WYG_024-3b
024.md	51	KR1d0058_WYG_024-4a
024.md	59	KR1d0058_WYG_024-4b
024.md	67	KR1d0058_WYG_024-5a
024.md	75	KR1d0058_WYG_024-5b
024.md	83	KR1d0058_WYG_024-6a
024.md	91	KR1d0058_WYG_024-6b
024.md	99	KR1d0058_WYG_024-7a
024.md	107	KR1d0058_WYG_024-7b
024.md	115	KR1d0058_WYG_024-8a
024.md	123	KR1d0058_WYG_024-8b
024.md	131	KR1d0058_WYG_024-9a
024.md	139	KR1d0058_WYG_024-9b
024.md	147	KR1d0058_WYG_024-10a
024.md	155	KR1d0058_WYG_024-10b
024.md	163	KR1d0058_WYG_024-11a
024.md	171	KR1d0058_WYG_024-11b
024.md	179	KR1d0058_WYG_024-12a
024.md	187	KR1d0058_WYG_024-12b
024.md	195	KR1d0058_WYG_024-13a
024.md	203	KR1d0058_WYG_024-13b
024.md	211	KR1d0058_WYG_024-14a
024.md	219	KR1d0058_WYG_024-14b
024.md	227	KR1d0058_WYG_024-15a
024.md	235	KR1d0058_WYG_024-15b
024.md	243	KR1d0058_WYG_024-16a
024.md	251	KR1d0058_WYG_024-16b
024.md	259	KR1d0058_WYG_024-17a
024.md	267	KR1d0058_WYG_024-17b
024.md	275	KR1d0058_WYG_024-18a
024.md	283	KR1d0058_WYG_024-18b
024.md	291	KR1d0058_WYG_024-19a
024.md	299	KR1d0058_WYG_024-19b
024.md	307	KR1d0058_WYG_024-20a
024.md	315	KR1d0058_WYG_024-20b
024.md	323	KR1d0058_WYG_024-21a
024.md	331	KR1d0058_WYG_024-21b
024.md	339	KR1d0058_WYG_024-22a
024.md	347	KR1d0058_WYG_024-22b
024.md	355	KR1d0058_WYG_024-23a
024.md	363	KR1d0058_WYG_024-23b
024.md	371	KR1d0058_WYG_024-24a
024.md	379	KR1d0058_WYG_024-24b
024.md	387	KR1d0058_WYG_024-25a
024.md	395	KR1d0058_WYG_024-25b
024.md	403	KR1d0058_WYG_024-26a
024.md	411	KR1d0058_WYG_024-26b
024.md	419	KR1d0058_WYG_024-27a
024.md	427	KR1d0058_WYG_024-27b
024.md	435	KR1d0058_WYG_024-28a
024.md	443	KR1d0058_WYG_024-28b
024.md	451	KR1d0058_WYG_024-29a
024.md	459	KR1d0058_WYG_024-29b
024.md	467	KR1d0058_WYG_024-30a
024.md	475	KR1d0058_WYG_024-30b
024.md	483	KR1d0058_WYG_024-31a
024.md	491	KR1d0058_WYG_024-31b
024.md	499	KR1d0058_WYG_024-32a
024.md	507	KR1d0058_WYG_024-32b
024.md	515	KR1d0058_WYG_024-33a
024.md	523	KR1d0058_WYG_024-33b
024.md	531	KR1d0058_WYG_024-34a
024.md	539	KR1d0058_WYG_024-34b
024.md	547	KR1d0058_WYG_024-35a
024.md	555	KR1d0058_WYG_024-35b
024.md	563	KR1d0058_WYG_024-36a
024.md	571	KR1d0058_WYG_024-36b
024.md	579	KR1d0058_WYG_024-37a
024.md	587	KR1d0058_WYG_024-37b
024.md	595	KR1d0058_WYG_024-38a
024.md	603	KR1d0058_WYG_024-38b
024.md	611	KR1d0058_WYG_024-39a
024.md	619	KR1d0058_WYG_024-39b
024.md	627	KR1d0058_WYG_024-40a
024.md	635	KR1d0058_WYG_024-40b
024.md	643	KR1d0058_WYG_024-41a
024.md	651	KR1d0058_WYG_024-41b
024.md	659	KR1d0058_WYG_024-42a
024.md	667	KR1d0058_WYG_024-42b
024.md	675	KR1d0058_WYG_024-43a
024.md	683	KR1d0058_WYG_024-43b
024.md	691	KR1d0058_WYG_024-44a
024.md	699	KR1d0058_WYG_024-44b
024.md	707	KR1d0058_WYG_024-45a
024.md	715	KR1d0058_WYG_024-45b
024.md	723	KR1d0058_WYG_024-46a
024.md	731	KR1d0058_WYG_024-46b
024.md	739	KR1d0058_WYG_024-47a
024.md	747	KR1d0058_WYG_024-47b
024.md	755	KR1d0058_WYG_024-48a
024.md	763	KR1d0058_WYG_024-48b
024.md	771	KR1d0058_WYG_024-49a
024.md	779	KR1d0058_WYG_024-49b
024.md	787	KR1d0058_WYG_024-50a
024.md	795	KR1d0058_WYG_024-50b
024.md	803	KR1d0058_WYG_024-51a
024.md	811	KR1d0058_WYG_024-51b
024.md	819	KR1d0058_WYG_024-52a
024.md	827	KR1d0058_WYG_024-52b
024.md	835	KR1d0058_WYG_024-53a
024.md	843	KR1d0058_WYG_024-53b
024.md	851	KR1d0058_WYG_024-54a
024.md	859	KR1d0058_WYG_024-54b
025.md	3	KR1d0058_WYG_025-1a
025.md	11	KR1d0058_WYG_025-1b
025.md	19	KR1d0058_WYG_025-2a
025.md	27	KR1d0058_WYG_025-2b
025.md	35	KR1d0058_WYG_025-3a
025.md	43	KR1d0058_WYG_025-3b
025.md	51	KR1d0058_WYG_025-4a
025.md	59	KR1d0058_WYG_025-4b
025.md	67	KR1d0058_WYG_025-5a
025.md	75	KR1d0058_WYG_025-5b
025.md	83	KR1d0058_WYG_025-6a
025.md	91	KR1d0058_WYG_025-6b
025.md	99	KR1d0058_WYG_025-7a
025.md	107	KR1d0058_WYG_025-7b
025.md	115	KR1d0058_WYG_025-8a
025.md	123	KR1d0058_WYG_025-8b
025.md	131	KR1d0058_WYG_025-9a
025.md	139	KR1d0058_WYG_025-9b
025.md	147	KR1d0058_WYG_025-10a
025.md	155	KR1d0058_WYG_025-10b
025.md	163	KR1d0058_WYG_025-11a
025.md	171	KR1d0058_WYG_025-11b
025.md	179	KR1d0058_WYG_025-12a
025.md	187	KR1d0058_WYG_025-12b
025.md	195	KR1d0058_WYG_025-13a
025.md	203	KR1d0058_WYG_025-13b
025.md	211	KR1d0058_WYG_025-14a
025.md	219	KR1d0058_WYG_025-14b
025.md	227	KR1d0058_WYG_025-15a
025.md	235	KR1d0058_WYG_025-15b
025.md	243	KR1d0058_WYG_025-16a
025.md	251	KR1d0058_WYG_025-16b
025.md	259	KR1d0058_WYG_025-17a
025.md	267	KR1d0058_WYG_025-17b
025.md	275	KR1d0058_WYG_025-18a
025.md	283	KR1d0058_WYG_025-18b
025.md	291	KR1d0058_WYG_025-19a
025.md	299	KR1d0058_WYG_025-19b
025.md	307	KR1d0058_WYG_025-20a
025.md	315	KR1d0058_WYG_025-20b
025.md	323	KR1d0058_WYG_025-21a
025.md	331	KR1d0058_WYG_025-21b
025.md	339	KR1d0058_WYG_025-22a
025.md	347	KR1d0058_WYG_025-22b
025.md	355	KR1d0058_WYG_025-23a
025.md	363	KR1d0058_WYG_025-23b
025.md	371	KR1d0058_WYG_025-24a
025.md	379	KR1d0058_WYG_025-24b
025.md	387	KR1d0058_WYG_025-25a
025.md	395	KR1d0058_WYG_025-25b
025.md	403	KR1d0058_WYG_025-26a
025.md	411	KR1d0058_WYG_025-26b
025.md	419	KR1d0058_WYG_025-27a
025.md	427	KR1d0058_WYG_025-27b
025.md	435	KR1d0058_WYG_025-28a
025.md	443	KR1d0058_WYG_025-28b
025.md	451	KR1d0058_WYG_025-29a
025.md	459	KR1d0058_WYG_025-29b
025.md	467	KR1d0058_WYG_025-30a
025.md	475	KR1d0058_WYG_025-30b
025.md	483	KR1d0058_WYG_025-31a
025.md	491	KR1d0058_WYG_025-31b
025.md	499	KR1d0058_WYG_025-32a
025.md	507	KR1d0058_WYG_025-32b
025.md	515	KR1d0058_WYG_025-33a
025.md	523	KR1d0058_WYG_025-33b
025.md	531	KR1d0058_WYG_025-34a
025.md	539	KR1d0058_WYG_025-34b
025.md	547	KR1d0058_WYG_025-35a
025.md	555	KR1d0058_WYG_025-35b
025.md	563	KR1d0058_WYG_025-36a
025.md	571	KR1d0058_WYG_025-36b
025.md	579	KR1d0058_WYG_025-37a
025.md	587	KR1d0058_WYG_025-37b
025.md	595	KR1d0058_WYG_025-38a
025.md	603	KR1d0058_WYG_025-38b
025.md	611	KR1d0058_WYG_025-39a
025.md	619	KR1d0058_WYG_025-39b
025.md	627	KR1d0058_WYG_025-40a
025.md	635	KR1d0058_WYG_025-40b
025.md	643	KR1d0058_WYG_025-41a
025.md	651	KR1d0058_WYG_025-41b
025.md	659	KR1d0058_WYG_025-42a
025.md	667	KR1d0058_WYG_025-42b
025.md	675	KR1d0058_WYG_025-43a
025.md	683	KR1d0058_WYG_025-43b
025.md	691	KR1d0058_WYG_025-44a
025.md	699	KR1d0058_WYG_025-44b
025.md	707	KR1d0058_WYG_025-45a
025.md	715	KR1d0058_WYG_025-45b
025.md	723	KR1d0058_WYG_025-46a
025.md	731	KR1d0058_WYG_025-46b
025.md	739	KR1d0058_WYG_025-47a
025.md	747	KR1d0058_WYG_025-47b
025.md	755	KR1d0058_WYG_025-48a
025.md	763	KR1d0058_WYG_025-48b
025.md	771	KR1d0058_WYG_025-49a
025.md	779	KR1d0058_WYG_025-49b
025.md	787	KR1d0058_WYG_025-50a
025.md	795	KR1d0058_WYG_025-50b
025.md	803	KR1d0058_WYG_025-51a
025.md	811	KR1d0058_WYG_025-51b
025.md	819	KR1d0058_WYG_025-52a
025.md	827	KR1d0058_WYG_025-52b
025.md	835	KR1d0058_WYG_025-53a
025.md	843	KR1d0058_WYG_025-53b
025.md	851	KR1d0058_WYG_025-54a
025.md	859	KR1d0058_WYG_025-54b
025.md	867	KR1d0058_WYG_025-55a
025.md	875	KR1d0058_WYG_025-55b
025.md	883	KR1d0058_WYG_025-56a
025.md	891	KR1d0058_WYG_025-56b
025.md	899	KR1d0058_WYG_025-57a
025.md	907	KR1d0058_WYG_025-57b
025.md	915	KR1d0058_WYG_025-58a
025.md	923	KR1d0058_WYG_025-58b
025.md	931	KR1d0058_WYG_025-59a
025.md	939	KR1d0058_WYG_025-59b
025.md	947	KR1d0058_WYG_025-60a
025.md	955	KR1d0058_WYG_025-60b
025.md	963	KR1d0058_WYG_025-61a
025.md	971	KR1d0058_WYG_025-61b
025.md	979	KR1d0058_WYG_025-62a
025.md	987	KR1d0058_WYG_025-62b
025.md	995	KR1d0058_WYG_025-63a
025.md	1003	KR1d0058_WYG_025-63b
025.md	1011	KR1d0058_WYG_025-64a
025.md	1019	KR1d0058_WYG_025-64b
025.md	1027	KR1d0058_WYG_025-65a
025.md	1035	KR1d0058_WYG_025-65b
025.md	1043	KR1d0058_WYG_025-66a
025.md	1051	KR1d0058_WYG_025-66b
025.md	1059	KR1d0058_WYG_025-67a
025.md	1067	KR1d0058_WYG_025-67b
025.md	1075	KR1d0058_WYG_025-68a
025.md	1083	KR1d0058_WYG_025-68b
025.md	1091	KR1d0058_WYG_025-69a
025.md	1099	KR1d0058_WYG_025-69b
025.md	1107	KR1d0058_WYG_025-70a
025.md	1115	KR1d0058_WYG_025-70b
025.md	1123	KR1d0058_WYG_025-71a
025.md	1131	KR1d0058_WYG_025-71b
025.md	1139	KR1d0058_WYG_025-72a
025.md	1147	KR1d0058_WYG_025-72b
025.md	1155	KR1d0058_WYG_025-73a
025.md	1163	KR1d0058_WYG_025-73b
025.md	1171	KR1d0058_WYG_025-74a
025.md	1179	KR1d0058_WYG_025-74b
025.md	1187	KR1d0058_WYG_025-75a
025.md	1195	KR1d0058_WYG_025-75b
025.md	1203	KR1d0058_WYG_025-76a
025.md	1211	KR1d0058_WYG_025-76b
025.md	1219	KR1d0058_WYG_025-77a
025.md	1227	KR1d0058_WYG_025-77b
025.md	1235	KR1d0058_WYG_025-78a
025.md	1243	KR1d0058_WYG_025-78b
025.md	1251	KR1d0058_WYG_025-79a
025.md	1259	KR1d0058_WYG_025-79b
025.md	1267	KR1d0058_WYG_025-80a
025.md	1275	KR1d0058_WYG_025-80b
025.md	1283	KR1d0058_WYG_025-81a
025.md	1291	KR1d0058_WYG_025-81b
025.md	1299	KR1d0058_WYG_025-82a
025.md	1307	KR1d0058_WYG_025-82b
025.md	1315	KR1d0058_WYG_025-83a
025.md	1323	KR1d0058_WYG_025-83b
025.md	1331	KR1d0058_WYG_025-84a
025.md	1339	KR1d0058_WYG_025-84b
025.md	1347	KR1d0058_WYG_025-85a
025.md	1355	KR1d0058_WYG_025-85b
025.md	1363	KR1d0058_WYG_025-86a
025.md	1371	KR1d0058_WYG_025-86b
026.md	3	KR1d0058_WYG_026-1a
026.md	11	KR1d0058_WYG_026-1b
026.md	19	KR1d0058_WYG_026-2a
026.md	27	KR1d0058_WYG_026-2b
026.md	35	KR1d0058_WYG_026-3a
026.md	43	KR1d0058_WYG_026-3b
026.md	51	KR1d0058_WYG_026-4a
026.md	59	KR1d0058_WYG_026-4b
026.md	67	KR1d0058_WYG_026-5a
026.md	75	KR1d0058_WYG_026-5b
026.md	83	KR1d0058_WYG_026-6a
026.md	91	KR1d0058_WYG_026-6b
026.md	99	KR1d0058_WYG_026-7a
026.md	107	KR1d0058_WYG_026-7b
026.md	115	KR1d0058_WYG_026-8a
026.md	123	KR1d0058_WYG_026-8b
026.md	131	KR1d0058_WYG_026-9a
026.md	139	KR1d0058_WYG_026-9b
026.md	147	KR1d0058_WYG_026-10a
026.md	155	KR1d0058_WYG_026-10b
026.md	163	KR1d0058_WYG_026-11a
026.md	171	KR1d0058_WYG_026-11b
026.md	179	KR1d0058_WYG_026-12a
026.md	187	KR1d0058_WYG_026-12b
026.md	195	KR1d0058_WYG_026-13a
026.md	203	KR1d0058_WYG_026-13b
026.md	211	KR1d0058_WYG_026-14a
026.md	219	KR1d0058_WYG_026-14b
026.md	227	KR1d0058_WYG_026-15a
026.md	235	KR1d0058_WYG_026-15b
026.md	243	KR1d0058_WYG_026-16a
026.md	251	KR1d0058_WYG_026-16b
026.md	259	KR1d0058_WYG_026-17a
026.md	267	KR1d0058_WYG_026-17b
026.md	275	KR1d0058_WYG_026-18a
026.md	283	KR1d0058_WYG_026-18b
026.md	291	KR1d0058_WYG_026-19a
026.md	299	KR1d0058_WYG_026-19b
026.md	307	KR1d0058_WYG_026-20a
026.md	315	KR1d0058_WYG_026-20b
026.md	323	KR1d0058_WYG_026-21a
026.md	331	KR1d0058_WYG_026-21b
026.md	339	KR1d0058_WYG_026-22a
026.md	347	KR1d0058_WYG_026-22b
026.md	355	KR1d0058_WYG_026-23a
026.md	363	KR1d0058_WYG_026-23b
026.md	371	KR1d0058_WYG_026-24a
026.md	379	KR1d0058_WYG_026-24b
026.md	387	KR1d0058_WYG_026-25a
026.md	395	KR1d0058_WYG_026-25b
026.md	403	KR1d0058_WYG_026-26a
026.md	411	KR1d0058_WYG_026-26b
026.md	419	KR1d0058_WYG_026-27a
026.md	427	KR1d0058_WYG_026-27b
026.md	435	KR1d0058_WYG_026-28a
026.md	443	KR1d0058_WYG_026-28b
026.md	451	KR1d0058_WYG_026-29a
026.md	459	KR1d0058_WYG_026-29b
026.md	467	KR1d0058_WYG_026-30a
026.md	475	KR1d0058_WYG_026-30b
026.md	483	KR1d0058_WYG_026-31a
026.md	491	KR1d0058_WYG_026-31b
026.md	499	KR1d0058_WYG_026-32a
026.md	507	KR1d0058_WYG_026-32b
026.md	515	KR1d0058_WYG_026-33a
026.md	523	KR1d0058_WYG_026-33b
026.md	531	KR1d0058_WYG_026-34a
026.md	539	KR1d0058_WYG_026-34b
026.md	547	KR1d0058_WYG_026-35a
026.md	555	KR1d0058_WYG_026-35b
026.md	563	KR1d0058_WYG_026-36a
026.md	571	KR1d0058_WYG_026-36b
026.md	579	KR1d0058_WYG_026-37a
026.md	587	KR1d0058_WYG_026-37b
026.md	595	KR1d0058_WYG_026-38a
026.md	603	KR1d0058_WYG_026-38b
026.md	611	KR1d0058_WYG_026-39a
026.md	619	KR1d0058_WYG_026-39b
026.md	627	KR1d0058_WYG_026-40a
026.md	635	KR1d0058_WYG_026-40b
026.md	643	KR1d0058_WYG_026-41a
026.md	651	KR1d0058_WYG_026-41b
026.md	659	KR1d0058_WYG_026-42a
026.md	667	KR1d0058_WYG_026-42b
026.md	675	KR1d0058_WYG_026-43a
026.md	683	KR1d0058_WYG_026-43b
026.md	691	KR1d0058_WYG_026-44a
026.md	699	KR1d0058_WYG_026-44b
026.md	707	KR1d0058_WYG_026-45a
026.md	715	KR1d0058_WYG_026-45b
026.md	723	KR1d0058_WYG_026-46a
026.md	731	KR1d0058_WYG_026-46b
026.md	739	KR1d0058_WYG_026-47a
026.md	747	KR1d0058_WYG_026-47b
026.md	755	KR1d0058_WYG_026-48a
026.md	763	KR1d0058_WYG_026-48b
026.md	771	KR1d0058_WYG_026-49a
026.md	779	KR1d0058_WYG_026-49b
026.md	787	KR1d0058_WYG_026-50a
026.md	795	KR1d0058_WYG_026-50b
026.md	803	KR1d0058_WYG_026-51a
026.md	811	KR1d0058_WYG_026-51b
026.md	819	KR1d0058_WYG_026-52a
026.md	827	KR1d0058_WYG_026-52b
026.md	835	KR1d0058_WYG_026-53a
026.md	843	KR1d0058_WYG_026-53b
026.md	851	KR1d0058_WYG_026-54a
026.md	859	KR1d0058_WYG_026-54b
026.md	867	KR1d0058_WYG_026-55a
026.md	875	KR1d0058_WYG_026-55b
026.md	883	KR1d0058_WYG_026-56a
026.md	891	KR1d0058_WYG_026-56b
026.md	899	KR1d0058_WYG_026-57a
026.md	907	KR1d0058_WYG_026-57b
026.md	915	KR1d0058_WYG_026-58a
026.md	923	KR1d0058_WYG_026-58b
026.md	931	KR1d0058_WYG_026-59a
026.md	939	KR1d0058_WYG_026-59b
026.md	947	KR1d0058_WYG_026-60a
026.md	955	KR1d0058_WYG_026-60b
026.md	963	KR1d0058_WYG_026-61a
026.md	971	KR1d0058_WYG_026-61b
026.md	979	KR1d0058_WYG_026-62a
026.md	987	KR1d0058_WYG_026-62b
026.md	995	KR1d0058_WYG_026-63a
026.md	1003	KR1d0058_WYG_026-63b
026.md	1011	KR1d0058_WYG_026-64a
026.md	1019	KR1d0058_WYG_026-64b
026.md	1027	KR1d0058_WYG_026-65a
026.md	1035	KR1d0058_WYG_026-65b
026.md	1043	KR1d0058_WYG_026-66a
026.md	1051	KR1d0058_WYG_026-66b
026.md	1059	KR1d0058_WYG_026-67a
026.md	1067	KR1d0058_WYG_026-67b
026.md	1075	KR1d0058_WYG_026-68a
026.md	1083	KR1d0058_WYG_026-68b
026.md	1091	KR1d0058_WYG_026-69a
026.md	1099	KR1d0058_WYG_026-69b
026.md	1107	KR1d0058_WYG_026-70a
026.md	1115	KR1d0058_WYG_026-70b
026.md	1123	KR1d0058_WYG_026-71a
026.md	1131	KR1d0058_WYG_026-71b
026.md	1139	KR1d0058_WYG_026-72a
026.md	1147	KR1d0058_WYG_026-72b
026.md	1155	KR1d0058_WYG_026-73a
026.md	1163	KR1d0058_WYG_026-73b
026.md	1171	KR1d0058_WYG_026-74a
026.md	1179	KR1d0058_WYG_026-74b
026.md	1187	KR1d0058_WYG_026-75a
026.md	1195	KR1d0058_WYG_026-75b
026.md	1203	KR1d0058_WYG_026-76a
026.md	1211	KR1d0058_WYG_026-76b
027.md	3	KR1d0058_WYG_027-1a
027.md	11	KR1d0058_WYG_027-1b
027.md	19	KR1d0058_WYG_027-2a
027.md	27	KR1d0058_WYG_027-2b
027.md	35	KR1d0058_WYG_027-3a
027.md	43	KR1d0058_WYG_027-3b
027.md	51	KR1d0058_WYG_027-4a
027.md	59	KR1d0058_WYG_027-4b
027.md	67	KR1d0058_WYG_027-5a
027.md	75	KR1d0058_WYG_027-5b
027.md	83	KR1d0058_WYG_027-6a
027.md	91	KR1d0058_WYG_027-6b
027.md	99	KR1d0058_WYG_027-7a
027.md	107	KR1d0058_WYG_027-7b
027.md	115	KR1d0058_WYG_027-8a
027.md	123	KR1d0058_WYG_027-8b
027.md	131	KR1d0058_WYG_027-9a
027.md	139	KR1d0058_WYG_027-9b
027.md	147	KR1d0058_WYG_027-10a
027.md	155	KR1d0058_WYG_027-10b
027.md	163	KR1d0058_WYG_027-11a
027.md	171	KR1d0058_WYG_027-11b
027.md	179	KR1d0058_WYG_027-12a
027.md	187	KR1d0058_WYG_027-12b
027.md	195	KR1d0058_WYG_027-13a
027.md	203	KR1d0058_WYG_027-13b
027.md	211	KR1d0058_WYG_027-14a
027.md	219	KR1d0058_WYG_027-14b
027.md	227	KR1d0058_WYG_027-15a
027.md	235	KR1d0058_WYG_027-15b
027.md	243	KR1d0058_WYG_027-16a
027.md	251	KR1d0058_WYG_027-16b
028.md	3	KR1d0058_WYG_028-1a
028.md	11	KR1d0058_WYG_028-1b
028.md	19	KR1d0058_WYG_028-2a
028.md	27	KR1d0058_WYG_028-2b
028.md	35	KR1d0058_WYG_028-3a
028.md	43	KR1d0058_WYG_028-3b
028.md	51	KR1d0058_WYG_028-4a
028.md	59	KR1d0058_WYG_028-4b
028.md	67	KR1d0058_WYG_028-5a
028.md	75	KR1d0058_WYG_028-5b
028.md	83	KR1d0058_WYG_028-6a
028.md	91	KR1d0058_WYG_028-6b
028.md	99	KR1d0058_WYG_028-7a
028.md	107	KR1d0058_WYG_028-7b
028.md	115	KR1d0058_WYG_028-8a
028.md	123	KR1d0058_WYG_028-8b
028.md	131	KR1d0058_WYG_028-9a
028.md	139	KR1d0058_WYG_028-9b
028.md	147	KR1d0058_WYG_028-10a
028.md	155	KR1d0058_WYG_028-10b
028.md	163	KR1d0058_WYG_028-11a
028.md	171	KR1d0058_WYG_028-11b
028.md	179	KR1d0058_WYG_028-12a
028.md	187	KR1d0058_WYG_028-12b
028.md	195	KR1d0058_WYG_028-13a
028.md	203	KR1d0058_WYG_028-13b
028.md	211	KR1d0058_WYG_028-14a
028.md	219	KR1d0058_WYG_028-14b
028.md	227	KR1d0058_WYG_028-15a
028.md	235	KR1d0058_WYG_028-15b
028.md	243	KR1d0058_WYG_028-16a
028.md	251	KR1d0058_WYG_028-16b
028.md	259	KR1d0058_WYG_028-17a
028.md	267	KR1d0058_WYG_028-17b
028.md	275	KR1d0058_WYG_028-18a
028.md	283	KR1d0058_WYG_028-18b
028.md	291	KR1d0058_WYG_028-19a
028.md	299	KR1d0058_WYG_028-19b
028.md	307	KR1d0058_WYG_028-20a
028.md	315	KR1d0058_WYG_028-20b
028.md	323	KR1d0058_WYG_028-21a
028.md	331	KR1d0058_WYG_028-21b
028.md	339	KR1d0058_WYG_028-22a
028.md	347	KR1d0058_WYG_028-22b
028.md	355	KR1d0058_WYG_028-23a
028.md	363	KR1d0058_WYG_028-23b
028.md	371	KR1d0058_WYG_028-24a
028.md	379	KR1d0058_WYG_028-24b
029.md	3	KR1d0058_WYG_029-1a
029.md	11	KR1d0058_WYG_029-1b
029.md	19	KR1d0058_WYG_029-2a
029.md	27	KR1d0058_WYG_029-2b
029.md	35	KR1d0058_WYG_029-3a
029.md	43	KR1d0058_WYG_029-3b
029.md	51	KR1d0058_WYG_029-4a
029.md	59	KR1d0058_WYG_029-4b
029.md	67	KR1d0058_WYG_029-5a
029.md	75	KR1d0058_WYG_029-5b
029.md	83	KR1d0058_WYG_029-6a
029.md	91	KR1d0058_WYG_029-6b
029.md	99	KR1d0058_WYG_029-7a
029.md	107	KR1d0058_WYG_029-7b
029.md	115	KR1d0058_WYG_029-8a
029.md	123	KR1d0058_WYG_029-8b
029.md	131	KR1d0058_WYG_029-9a
029.md	139	KR1d0058_WYG_029-9b
029.md	147	KR1d0058_WYG_029-10a
029.md	155	KR1d0058_WYG_029-10b
029.md	163	KR1d0058_WYG_029-11a
029.md	171	KR1d0058_WYG_029-11b
029.md	179	KR1d0058_WYG_029-12a
029.md	187	KR1d0058_WYG_029-12b
029.md	195	KR1d0058_WYG_029-13a
029.md	203	KR1d0058_WYG_029-13b
029.md	211	KR1d0058_WYG_029-14a
029.md	219	KR1d0058_WYG_029-14b
029.md	227	KR1d0058_WYG_029-15a
029.md	235	KR1d0058_WYG_029-15b
029.md	243	KR1d0058_WYG_029-16a
029.md	251	KR1d0058_WYG_029-16b
029.md	259	KR1d0058_WYG_029-17a
029.md	267	KR1d0058_WYG_029-17b
029.md	275	KR1d0058_WYG_029-18a
029.md	283	KR1d0058_WYG_029-18b
029.md	291	KR1d0058_WYG_029-19a
029.md	299	KR1d0058_WYG_029-19b
029.md	307	KR1d0058_WYG_029-20a
029.md	315	KR1d0058_WYG_029-20b
029.md	323	KR1d0058_WYG_029-21a
029.md	331	KR1d0058_WYG_029-21b
029.md	339	KR1d0058_WYG_029-22a
029.md	347	KR1d0058_WYG_029-22b
030.md	3	KR1d0058_WYG_030-1a
030.md	11	KR1d0058_WYG_030-1b
030.md	19	KR1d0058_WYG_030-2a
030.md	27	KR1d0058_WYG_030-2b
030.md	35	KR1d0058_WYG_030-3a
030.md	43	KR1d0058_WYG_030-3b
030.md	51	KR1d0058_WYG_030-4a
030.md	59	KR1d0058_WYG_030-4b
030.md	67	KR1d0058_WYG_030-5a
030.md	75	KR1d0058_WYG_030-5b
030.md	83	KR1d0058_WYG_030-6a
030.md	91	KR1d0058_WYG_030-6b
030.md	99	KR1d0058_WYG_030-7a
030.md	107	KR1d0058_WYG_030-7b
030.md	115	KR1d0058_WYG_030-8a
030.md	123	KR1d0058_WYG_030-8b
030.md	131	KR1d0058_WYG_030-9a
030.md	139	KR1d0058_WYG_030-9b
030.md	147	KR1d0058_WYG_030-10a
030.md	155	KR1d0058_WYG_030-10b
030.md	163	KR1d0058_WYG_030-11a
030.md	171	KR1d0058_WYG_030-11b
030.md	179	KR1d0058_WYG_030-12a
030.md	187	KR1d0058_WYG_030-12b
030.md	195	KR1d0058_WYG_030-13a
030.md	203	KR1d0058_WYG_030-13b
030.md	211	KR1d0058_WYG_030-14a
030.md	219	KR1d0058_WYG_030-14b
030.md	227	KR1d0058_WYG_030-15a
030.md	235	KR1d0058_WYG_030-15b
030.md	243	KR1d0058_WYG_030-16a
030.md	251	KR1d0058_WYG_030-16b
031.md	3	KR1d0058_WYG_031-1a
031.md	11	KR1d0058_WYG_031-1b
031.md	19	KR1d0058_WYG_031-2a
031.md	27	KR1d0058_WYG_031-2b
031.md	35	KR1d0058_WYG_031-3a
031.md	43	KR1d0058_WYG_031-3b
031.md	51	KR1d0058_WYG_031-4a
031.md	59	KR1d0058_WYG_031-4b
031.md	67	KR1d0058_WYG_031-5a
031.md	75	KR1d0058_WYG_031-5b
031.md	83	KR1d0058_WYG_031-6a
031.md	91	KR1d0058_WYG_031-6b
031.md	99	KR1d0058_WYG_031-7a
031.md	107	KR1d0058_WYG_031-7b
031.md	115	KR1d0058_WYG_031-8a
031.md	123	KR1d0058_WYG_031-8b
031.md	131	KR1d0058_WYG_031-9a
031.md	139	KR1d0058_WYG_031-9b
031.md	147	KR1d0058_WYG_031-10a
031.md	155	KR1d0058_WYG_031-10b
031.md	163	KR1d0058_WYG_031-11a
031.md	171	KR1d0058_WYG_031-11b
031.md	179	KR1d0058_WYG_031-12a
031.md	187	KR1d0058_WYG_031-12b
031.md	195	KR1d0058_WYG_031-13a
031.md	203	KR1d0058_WYG_031-13b
031.md	211	KR1d0058_WYG_031-14a
031.md	219	KR1d0058_WYG_031-14b
031.md	227	KR1d0058_WYG_031-15a
031.md	235	KR1d0058_WYG_031-15b
031.md	243	KR1d0058_WYG_031-16a
031.md	251	KR1d0058_WYG_031-16b
031.md	259	KR1d0058_WYG_031-17a
031.md	267	KR1d0058_WYG_031-17b
031.md	275	KR1d0058_WYG_031-18a
031.md	283	KR1d0058_WYG_031-18b
031.md	291	KR1d0058_WYG_031-19a
031.md	299	KR1d0058_WYG_031-19b
031.md	307	KR1d0058_WYG_031-20a
031.md	315	KR1d0058_WYG_031-20b
031.md	323	KR1d0058_WYG_031-21a
031.md	331	KR1d0058_WYG_031-21b
031.md	339	KR1d0058_WYG_031-22a
031.md	347	KR1d0058_WYG_031-22b
031.md	355	KR1d0058_WYG_031-23a
031.md	363	KR1d0058_WYG_031-23b
031.md	371	KR1d0058_WYG_031-24a
031.md	379	KR1d0058_WYG_031-24b
031.md	387	KR1d0058_WYG_031-25a
031.md	395	KR1d0058_WYG_031-25b
031.md	403	KR1d0058_WYG_031-26a
031.md	411	KR1d0058_WYG_031-26b
031.md	419	KR1d0058_WYG_031-27a
031.md	427	KR1d0058_WYG_031-27b
031.md	435	KR1d0058_WYG_031-28a
031.md	443	KR1d0058_WYG_031-28b
031.md	451	KR1d0058_WYG_031-29a
031.md	459	KR1d0058_WYG_031-29b
031.md	467	KR1d0058_WYG_031-30a
031.md	475	KR1d0058_WYG_031-30b
031.md	483	KR1d0058_WYG_031-31a
031.md	491	KR1d0058_WYG_031-31b
031.md	499	KR1d0058_WYG_031-32a
031.md	507	KR1d0058_WYG_031-32b
031.md	515	KR1d0058_WYG_031-33a
031.md	523	KR1d0058_WYG_031-33b
031.md	531	KR1d0058_WYG_031-34a
031.md	539	KR1d0058_WYG_031-34b
032.md	3	KR1d0058_WYG_032-1a
032.md	11	KR1d0058_WYG_032-1b
032.md	19	KR1d0058_WYG_032-2a
032.md	27	KR1d0058_WYG_032-2b
032.md	35	KR1d0058_WYG_032-3a
032.md	43	KR1d0058_WYG_032-3b
032.md	51	KR1d0058_WYG_032-4a
032.md	59	KR1d0058_WYG_032-4b
032.md	67	KR1d0058_WYG_032-5a
032.md	75	KR1d0058_WYG_032-5b
032.md	83	KR1d0058_WYG_032-6a
032.md	91	KR1d0058_WYG_032-6b
032.md	99	KR1d0058_WYG_032-7a
032.md	107	KR1d0058_WYG_032-7b
032.md	115	KR1d0058_WYG_032-8a
032.md	123	KR1d0058_WYG_032-8b
032.md	131	KR1d0058_WYG_032-9a
032.md	139	KR1d0058_WYG_032-9b
032.md	147	KR1d0058_WYG_032-10a
032.md	155	KR1d0058_WYG_032-10b
032.md	163	KR1d0058_WYG_032-11a
032.md	171	KR1d0058_WYG_032-11b
032.md	179	KR1d0058_WYG_032-12a
032.md	187	KR1d0058_WYG_032-12b
032.md	195	KR1d0058_WYG_032-13a
032.md	203	KR1d0058_WYG_032-13b
032.md	211	KR1d0058_WYG_032-14a
032.md	219	KR1d0058_WYG_032-14b
032.md	227	KR1d0058_WYG_032-15a
032.md	235	KR1d0058_WYG_032-15b
032.md	243	KR1d0058_WYG_032-16a
032.md	251	KR1d0058_WYG_032-16b
032.md	259	KR1d0058_WYG_032-17a
032.md	267	KR1d0058_WYG_032-17b
032.md	275	KR1d0058_WYG_032-18a
032.md	283	KR1d0058_WYG_032-18b
032.md	291	KR1d0058_WYG_032-19a
032.md	299	KR1d0058_WYG_032-19b
032.md	307	KR1d0058_WYG_032-20a
032.md	315	KR1d0058_WYG_032-20b
032.md	323	KR1d0058_WYG_032-21a
032.md	331	KR1d0058_WYG_032-21b
032.md	339	KR1d0058_WYG_032-22a
032.md	347	KR1d0058_WYG_032-22b
032.md	355	KR1d0058_WYG_032-23a
032.md	363	KR1d0058_WYG_032-23b
032.md	371	KR1d0058_WYG_032-24a
032.md	379	KR1d0058_WYG_032-24b
032.md	387	KR1d0058_WYG_032-25a
032.md	395	KR1d0058_WYG_032-25b
032.md	403	KR1d0058_WYG_032-26a
032.md	411	KR1d0058_WYG_032-26b
032.md	419	KR1d0058_WYG_032-27a
032.md	427	KR1d0058_WYG_032-27b
032.md	435	KR1d0058_WYG_032-28a
032.md	443	KR1d0058_WYG_032-28b
032.md	451	KR1d0058_WYG_032-29a
032.md	459	KR1d0058_WYG_032-29b
032.md	467	KR1d0058_WYG_032-30a
032.md	475	KR1d0058_WYG_032-30b
032.md	483	KR1d0058_WYG_032-31a
032.md	491	KR1d0058_WYG_032-31b
032.md	499	KR1d0058_WYG_032-32a
032.md	507	KR1d0058_WYG_032-32b
032.md	515	KR1d0058_WYG_032-33a
032.md	523	KR1d0058_WYG_032-33b
032.md	531	KR1d0058_WYG_032-34a
032.md	539	KR1d0058_WYG_032-34b
032.md	547	KR1d0058_WYG_032-35a
032.md	555	KR1d0058_WYG_032-35b
032.md	563	KR1d0058_WYG_032-36a
032.md	571	KR1d0058_WYG_032-36b
032.md	579	KR1d0058_WYG_032-37a
032.md	587	KR1d0058_WYG_032-37b
032.md	595	KR1d0058_WYG_032-38a
032.md	603	KR1d0058_WYG_032-38b
032.md	611	KR1d0058_WYG_032-39a
032.md	619	KR1d0058_WYG_032-39b
032.md	627	KR1d0058_WYG_032-40a
032.md	635	KR1d0058_WYG_032-40b
032.md	643	KR1d0058_WYG_032-41a
032.md	651	KR1d0058_WYG_032-41b
032.md	659	KR1d0058_WYG_032-42a
032.md	667	KR1d0058_WYG_032-42b
032.md	675	KR1d0058_WYG_032-43a
032.md	683	KR1d0058_WYG_032-43b
032.md	691	KR1d0058_WYG_032-44a
032.md	699	KR1d0058_WYG_032-44b
032.md	707	KR1d0058_WYG_032-45a
032.md	715	KR1d0058_WYG_032-45b
032.md	723	KR1d0058_WYG_032-46a
032.md	731	KR1d0058_WYG_032-46b
032.md	739	KR1d0058_WYG_032-47a
032.md	747	KR1d0058_WYG_032-47b
032.md	755	KR1d0058_WYG_032-48a
032.md	763	KR1d0058_WYG_032-48b
032.md	771	KR1d0058_WYG_032-49a
032.md	779	KR1d0058_WYG_032-49b
032.md	787	KR1d0058_WYG_032-50a
032.md	795	KR1d0058_WYG_032-50b
032.md	803	KR1d0058_WYG_032-51a
032.md	811	KR1d0058_WYG_032-51b
032.md	819	KR1d0058_WYG_032-52a
032.md	827	KR1d0058_WYG_032-52b
032.md	835	KR1d0058_WYG_032-53a
032.md	843	KR1d0058_WYG_032-53b
032.md	851	KR1d0058_WYG_032-54a
032.md	859	KR1d0058_WYG_032-54b
032.md	867	KR1d0058_WYG_032-55a
032.md	875	KR1d0058_WYG_032-55b
032.md	883	KR1d0058_WYG_032-56a
032.md	891	KR1d0058_WYG_032-56b
032.md	899	KR1d0058_WYG_032-57a
032.md	907	KR1d0058_WYG_032-57b
032.md	915	KR1d0058_WYG_032-58a
032.md	923	KR1d0058_WYG_032-58b
032.md	931	KR1d0058_WYG_032-59a
032.md	939	KR1d0058_WYG_032-59b
032.md	947	KR1d0058_WYG_032-60a
032.md	955	KR1d0058_WYG_032-60b
032.md	963	KR1d0058_WYG_032-61a
032.md	971	KR1d0058_WYG_032-61b
032.md	979	KR1d0058_WYG_032-62a
032.md	987	KR1d0058_WYG_032-62b
033.md	3	KR1d0058_WYG_033-1a
033.md	11	KR1d0058_WYG_033-1b
033.md	19	KR1d0058_WYG_033-2a
033.md	27	KR1d0058_WYG_033-2b
033.md	35	KR1d0058_WYG_033-3a
033.md	43	KR1d0058_WYG_033-3b
033.md	51	KR1d0058_WYG_033-4a
033.md	59	KR1d0058_WYG_033-4b
033.md	67	KR1d0058_WYG_033-5a
033.md	75	KR1d0058_WYG_033-5b
033.md	83	KR1d0058_WYG_033-6a
033.md	91	KR1d0058_WYG_033-6b
033.md	99	KR1d0058_WYG_033-7a
033.md	107	KR1d0058_WYG_033-7b
033.md	115	KR1d0058_WYG_033-8a
033.md	123	KR1d0058_WYG_033-8b
033.md	131	KR1d0058_WYG_033-9a
033.md	139	KR1d0058_WYG_033-9b
033.md	147	KR1d0058_WYG_033-10a
033.md	155	KR1d0058_WYG_033-10b
033.md	163	KR1d0058_WYG_033-11a
033.md	171	KR1d0058_WYG_033-11b
033.md	179	KR1d0058_WYG_033-12a
033.md	187	KR1d0058_WYG_033-12b
033.md	195	KR1d0058_WYG_033-13a
033.md	203	KR1d0058_WYG_033-13b
033.md	211	KR1d0058_WYG_033-14a
033.md	219	KR1d0058_WYG_033-14b
033.md	227	KR1d0058_WYG_033-15a
033.md	235	KR1d0058_WYG_033-15b
033.md	243	KR1d0058_WYG_033-16a
033.md	251	KR1d0058_WYG_033-16b
033.md	259	KR1d0058_WYG_033-17a
033.md	267	KR1d0058_WYG_033-17b
033.md	275	KR1d0058_WYG_033-18a
033.md	283	KR1d0058_WYG_033-18b
033.md	291	KR1d0058_WYG_033-19a
033.md	299	KR1d0058_WYG_033-19b
033.md	307	KR1d0058_WYG_033-20a
033.md	315	KR1d0058_WYG_033-20b
033.md	323	KR1d0058_WYG_033-21a
033.md	331	KR1d0058_WYG_033-21b
033.md	339	KR1d0058_WYG_033-22a
033.md	347	KR1d0058_WYG_033-22b
033.md	355	KR1d0058_WYG_033-23a
033.md	363	KR1d0058_WYG_033-23b
033.md	371	KR1d0058_WYG_033-24a
033.md	379	KR1d0058_WYG_033-24b
033.md	387	KR1d0058_WYG_033-25a
033.md	395	KR1d0058_WYG_033-25b
033.md	403	KR1d0058_WYG_033-26a
033.md	411	KR1d0058_WYG_033-26b
033.md	419	KR1d0058_WYG_033-27a
033.md	427	KR1d0058_WYG_033-27b
033.md	435	KR1d0058_WYG_033-28a
033.md	443	KR1d0058_WYG_033-28b
033.md	451	KR1d0058_WYG_033-29a
033.md	459	KR1d0058_WYG_033-29b
033.md	467	KR1d0058_WYG_033-30a
033.md	475	KR1d0058_WYG_033-30b
033.md	483	KR1d0058_WYG_033-31a
033.md	491	KR1d0058_WYG_033-31b
033.md	499	KR1d0058_WYG_033-32a
033.md	507	KR1d0058_WYG_033-32b
034.md	3	KR1d0058_WYG_034-1a
034.md	11	KR1d0058_WYG_034-1b
034.md	19	KR1d0058_WYG_034-2a
034.md	27	KR1d0058_WYG_034-2b
034.md	35	KR1d0058_WYG_034-3a
034.md	43	KR1d0058_WYG_034-3b
034.md	51	KR1d0058_WYG_034-4a
034.md	59	KR1d0058_WYG_034-4b
034.md	67	KR1d0058_WYG_034-5a
034.md	75	KR1d0058_WYG_034-5b
034.md	83	KR1d0058_WYG_034-6a
034.md	91	KR1d0058_WYG_034-6b
034.md	99	KR1d0058_WYG_034-7a
034.md	107	KR1d0058_WYG_034-7b
034.md	115	KR1d0058_WYG_034-8a
034.md	123	KR1d0058_WYG_034-8b
034.md	131	KR1d0058_WYG_034-9a
034.md	139	KR1d0058_WYG_034-9b
034.md	147	KR1d0058_WYG_034-10a
034.md	155	KR1d0058_WYG_034-10b
034.md	163	KR1d0058_WYG_034-11a
034.md	171	KR1d0058_WYG_034-11b
034.md	179	KR1d0058_WYG_034-12a
034.md	187	KR1d0058_WYG_034-12b
034.md	195	KR1d0058_WYG_034-13a
034.md	203	KR1d0058_WYG_034-13b
034.md	211	KR1d0058_WYG_034-14a
034.md	219	KR1d0058_WYG_034-14b
034.md	227	KR1d0058_WYG_034-15a
034.md	235	KR1d0058_WYG_034-15b
034.md	243	KR1d0058_WYG_034-16a
034.md	251	KR1d0058_WYG_034-16b
034.md	259	KR1d0058_WYG_034-17a
034.md	267	KR1d0058_WYG_034-17b
034.md	275	KR1d0058_WYG_034-18a
034.md	283	KR1d0058_WYG_034-18b
034.md	291	KR1d0058_WYG_034-19a
034.md	299	KR1d0058_WYG_034-19b
034.md	307	KR1d0058_WYG_034-20a
034.md	315	KR1d0058_WYG_034-20b
034.md	323	KR1d0058_WYG_034-21a
034.md	331	KR1d0058_WYG_034-21b
034.md	339	KR1d0058_WYG_034-22a
034.md	347	KR1d0058_WYG_034-22b
034.md	355	KR1d0058_WYG_034-23a
034.md	363	KR1d0058_WYG_034-23b
034.md	371	KR1d0058_WYG_034-24a
034.md	379	KR1d0058_WYG_034-24b
034.md	387	KR1d0058_WYG_034-25a
034.md	395	KR1d0058_WYG_034-25b
034.md	403	KR1d0058_WYG_034-26a
034.md	411	KR1d0058_WYG_034-26b
034.md	419	KR1d0058_WYG_034-27a
034.md	427	KR1d0058_WYG_034-27b
034.md	435	KR1d0058_WYG_034-28a
034.md	443	KR1d0058_WYG_034-28b
034.md	451	KR1d0058_WYG_034-29a
034.md	459	KR1d0058_WYG_034-29b
034.md	467	KR1d0058_WYG_034-30a
034.md	475	KR1d0058_WYG_034-30b
034.md	483	KR1d0058_WYG_034-31a
034.md	491	KR1d0058_WYG_034-31b
034.md	499	KR1d0058_WYG_034-32a
034.md	507	KR1d0058_WYG_034-32b
035.md	3	KR1d0058_WYG_035-1a
035.md	11	KR1d0058_WYG_035-1b
035.md	19	KR1d0058_WYG_035-2a
035.md	27	KR1d0058_WYG_035-2b
035.md	35	KR1d0058_WYG_035-3a
035.md	43	KR1d0058_WYG_035-3b
035.md	51	KR1d0058_WYG_035-4a
035.md	59	KR1d0058_WYG_035-4b
035.md	67	KR1d0058_WYG_035-5a
035.md	75	KR1d0058_WYG_035-5b
035.md	83	KR1d0058_WYG_035-6a
035.md	91	KR1d0058_WYG_035-6b
035.md	99	KR1d0058_WYG_035-7a
035.md	107	KR1d0058_WYG_035-7b
035.md	115	KR1d0058_WYG_035-8a
035.md	123	KR1d0058_WYG_035-8b
035.md	131	KR1d0058_WYG_035-9a
035.md	139	KR1d0058_WYG_035-9b
035.md	147	KR1d0058_WYG_035-10a
035.md	155	KR1d0058_WYG_035-10b
035.md	163	KR1d0058_WYG_035-11a
035.md	171	KR1d0058_WYG_035-11b
035.md	179	KR1d0058_WYG_035-12a
035.md	187	KR1d0058_WYG_035-12b
035.md	195	KR1d0058_WYG_035-13a
035.md	203	KR1d0058_WYG_035-13b
035.md	211	KR1d0058_WYG_035-14a
035.md	219	KR1d0058_WYG_035-14b
035.md	227	KR1d0058_WYG_035-15a
035.md	235	KR1d0058_WYG_035-15b
035.md	243	KR1d0058_WYG_035-16a
035.md	251	KR1d0058_WYG_035-16b
035.md	259	KR1d0058_WYG_035-17a
035.md	267	KR1d0058_WYG_035-17b
035.md	275	KR1d0058_WYG_035-18a
035.md	283	KR1d0058_WYG_035-18b
035.md	291	KR1d0058_WYG_035-19a
035.md	299	KR1d0058_WYG_035-19b
035.md	307	KR1d0058_WYG_035-20a
035.md	315	KR1d0058_WYG_035-20b
035.md	323	KR1d0058_WYG_035-21a
035.md	331	KR1d0058_WYG_035-21b
035.md	339	KR1d0058_WYG_035-22a
035.md	347	KR1d0058_WYG_035-22b
035.md	355	KR1d0058_WYG_035-23a
035.md	363	KR1d0058_WYG_035-23b
035.md	371	KR1d0058_WYG_035-24a
035.md	379	KR1d0058_WYG_035-24b
035.md	387	KR1d0058_WYG_035-25a
035.md	395	KR1d0058_WYG_035-25b
035.md	403	KR1d0058_WYG_035-26a
035.md	411	KR1d0058_WYG_035-26b
035.md	419	KR1d0058_WYG_035-27a
035.md	427	KR1d0058_WYG_035-27b
035.md	435	KR1d0058_WYG_035-28a
035.md	443	KR1d0058_WYG_035-28b
035.md	451	KR1d0058_WYG_035-29a
035.md	459	KR1d0058_WYG_035-29b
035.md	467	KR1d0058_WYG_035-30a
035.md	475	KR1d0058_WYG_035-30b
035.md	483	KR1d0058_WYG_035-31a
035.md	491	KR1d0058_WYG_035-31b
035.md	499	KR1d0058_WYG_035-32a
035.md	507	KR1d0058_WYG_035-32b
036.md	3	KR1d0058_WYG_036-1a
036.md	11	KR1d0058_WYG_036-1b
036.md	19	KR1d0058_WYG_036-2a
036.md	27	KR1d0058_WYG_036-2b
036.md	35	KR1d0058_WYG_036-3a
036.md	43	KR1d0058_WYG_036-3b
036.md	51	KR1d0058_WYG_036-4a
036.md	59	KR1d0058_WYG_036-4b
036.md	67	KR1d0058_WYG_036-5a
036.md	75	KR1d0058_WYG_036-5b
036.md	83	KR1d0058_WYG_036-6a
036.md	91	KR1d0058_WYG_036-6b
036.md	99	KR1d0058_WYG_036-7a
036.md	107	KR1d0058_WYG_036-7b
036.md	115	KR1d0058_WYG_036-8a
036.md	123	KR1d0058_WYG_036-8b
036.md	131	KR1d0058_WYG_036-9a
036.md	139	KR1d0058_WYG_036-9b
036.md	147	KR1d0058_WYG_036-10a
036.md	155	KR1d0058_WYG_036-10b
036.md	163	KR1d0058_WYG_036-11a
036.md	171	KR1d0058_WYG_036-11b
036.md	179	KR1d0058_WYG_036-12a
036.md	187	KR1d0058_WYG_036-12b
036.md	195	KR1d0058_WYG_036-13a
036.md	203	KR1d0058_WYG_036-13b
036.md	211	KR1d0058_WYG_036-14a
036.md	219	KR1d0058_WYG_036-14b
036.md	227	KR1d0058_WYG_036-15a
036.md	235	KR1d0058_WYG_036-15b
036.md	243	KR1d0058_WYG_036-16a
036.md	251	KR1d0058_WYG_036-16b
036.md	259	KR1d0058_WYG_036-17a
036.md	267	KR1d0058_WYG_036-17b
036.md	275	KR1d0058_WYG_036-18a
036.md	283	KR1d0058_WYG_036-18b
036.md	291	KR1d0058_WYG_036-19a
036.md	299	KR1d0058_WYG_036-19b
036.md	307	KR1d0058_WYG_036-20a
036.md	315	KR1d0058_WYG_036-20b
036.md	323	KR1d0058_WYG_036-21a
036.md	331	KR1d0058_WYG_036-21b
036.md	339	KR1d0058_WYG_036-22a
036.md	347	KR1d0058_WYG_036-22b
036.md	355	KR1d0058_WYG_036-23a
036.md	363	KR1d0058_WYG_036-23b
036.md	371	KR1d0058_WYG_036-24a
036.md	379	KR1d0058_WYG_036-24b
036.md	387	KR1d0058_WYG_036-25a
036.md	395	KR1d0058_WYG_036-25b
036.md	403	KR1d0058_WYG_036-26a
036.md	411	KR1d0058_WYG_036-26b
036.md	419	KR1d0058_WYG_036-27a
036.md	427	KR1d0058_WYG_036-27b
036.md	435	KR1d0058_WYG_036-28a
036.md	443	KR1d0058_WYG_036-28b
036.md	451	KR1d0058_WYG_036-29a
036.md	459	KR1d0058_WYG_036-29b
036.md	467	KR1d0058_WYG_036-30a
036.md	475	KR1d0058_WYG_036-30b
036.md	483	KR1d0058_WYG_036-31a
036.md	491	KR1d0058_WYG_036-31b
036.md	499	KR1d0058_WYG_036-32a
036.md	507	KR1d0058_WYG_036-32b
036.md	515	KR1d0058_WYG_036-33a
036.md	523	KR1d0058_WYG_036-33b
036.md	531	KR1d0058_WYG_036-34a
036.md	539	KR1d0058_WYG_036-34b
036.md	547	KR1d0058_WYG_036-35a
036.md	555	KR1d0058_WYG_036-35b
036.md	563	KR1d0058_WYG_036-36a
036.md	571	KR1d0058_WYG_036-36b
036.md	579	KR1d0058_WYG_036-37a
036.md	587	KR1d0058_WYG_036-37b
036.md	595	KR1d0058_WYG_036-38a
036.md	603	KR1d0058_WYG_036-38b
036.md	611	KR1d0058_WYG_036-39a
036.md	619	KR1d0058_WYG_036-39b
036.md	627	KR1d0058_WYG_036-40a
036.md	635	KR1d0058_WYG_036-40b
036.md	643	KR1d0058_WYG_036-41a
036.md	651	KR1d0058_WYG_036-41b
036.md	659	KR1d0058_WYG_036-42a
036.md	667	KR1d0058_WYG_036-42b
036.md	675	KR1d0058_WYG_036-43a
036.md	683	KR1d0058_WYG_036-43b
036.md	691	KR1d0058_WYG_036-44a
036.md	699	KR1d0058_WYG_036-44b
036.md	707	KR1d0058_WYG_036-45a
036.md	715	KR1d0058_WYG_036-45b
036.md	723	KR1d0058_WYG_036-46a
036.md	731	KR1d0058_WYG_036-46b
036.md	739	KR1d0058_WYG_036-47a
036.md	747	KR1d0058_WYG_036-47b
036.md	755	KR1d0058_WYG_036-48a
036.md	763	KR1d0058_WYG_036-48b
036.md	771	KR1d0058_WYG_036-49a
036.md	779	KR1d0058_WYG_036-49b
036.md	787	KR1d0058_WYG_036-50a
036.md	795	KR1d0058_WYG_036-50b
036.md	803	KR1d0058_WYG_036-51a
036.md	811	KR1d0058_WYG_036-51b
036.md	819	KR1d0058_WYG_036-52a
036.md	827	KR1d0058_WYG_036-52b
036.md	835	KR1d0058_WYG_036-53a
036.md	843	KR1d0058_WYG_036-53b
036.md	851	KR1d0058_WYG_036-54a
036.md	859	KR1d0058_WYG_036-54b
036.md	867	KR1d0058_WYG_036-55a
036.md	875	KR1d0058_WYG_036-55b
036.md	883	KR1d0058_WYG_036-56a
036.md	891	KR1d0058_WYG_036-56b
036.md	899	KR1d0058_WYG_036-57a
036.md	907	KR1d0058_WYG_036-57b
036.md	915	KR1d0058_WYG_036-58a
036.md	923	KR1d0058_WYG_036-58b
036.md	931	KR1d0058_WYG_036-59a
036.md	939	KR1d0058_WYG_036-59b
036.md	947	KR1d0058_WYG_036-60a
036.md	955	KR1d0058_WYG_036-60b
036.md	963	KR1d0058_WYG_036-61a
036.md	971	KR1d0058_WYG_036-61b
036.md	979	KR1d0058_WYG_036-62a
036.md	987	KR1d0058_WYG_036-62b
036.md	995	KR1d0058_WYG_036-63a
036.md	1003	KR1d0058_WYG_036-63b
036.md	1011	KR1d0058_WYG_036-64a
036.md	1019	KR1d0058_WYG_036-64b
036.md	1027	KR1d0058_WYG_036-65a
036.md	1035	KR1d0058_WYG_036-65b
036.md	1043	KR1d0058_WYG_036-66a
036.md	1051	KR1d0058_WYG_036-66b
036.md	1059	KR1d0058_WYG_036-67a
036.md	1067	KR1d0058_WYG_036-67b
036.md	1075	KR1d0058_WYG_036-68a
036.md	1083	KR1d0058_WYG_036-68b
036.md	1091	KR1d0058_WYG_036-69a
036.md	1099	KR1d0058_WYG_036-69b
036.md	1107	KR1d0058_WYG_036-70a
036.md	1115	KR1d0058_WYG_036-70b
036.md	1123	KR1d0058_WYG_036-71a
036.md	1131	KR1d0058_WYG_036-71b
036.md	1139	KR1d0058_WYG_036-72a
036.md	1147	KR1d0058_WYG_036-72b
036.md	1155	KR1d0058_WYG_036-73a
036.md	1163	KR1d0058_WYG_036-73b
036.md	1171	KR1d0058_WYG_036-74a
036.md	1179	KR1d0058_WYG_036-74b
036.md	1187	KR1d0058_WYG_036-75a
036.md	1195	KR1d0058_WYG_036-75b
036.md	1203	KR1d0058_WYG_036-76a
036.md	1211	KR1d0058_WYG_036-76b
036.md	1219	KR1d0058_WYG_036-77a
036.md	1227	KR1d0058_WYG_036-77b
036.md	1235	KR1d0058_WYG_036-78a
036.md	1243	KR1d0058_WYG_036-78b
036.md	1251	KR1d0058_WYG_036-79a
036.md	1259	KR1d0058_WYG_036-79b
036.md	1267	KR1d0058_WYG_036-80a
036.md	1275	KR1d0058_WYG_036-80b
036.md	1283	KR1d0058_WYG_036-81a
036.md	1291	KR1d0058_WYG_036-81b
036.md	1299	KR1d0058_WYG_036-82a
036.md	1307	KR1d0058_WYG_036-82b
036.md	1315	KR1d0058_WYG_036-83a
036.md	1323	KR1d0058_WYG_036-83b
036.md	1331	KR1d0058_WYG_036-84a
036.md	1339	KR1d0058_WYG_036-84b
036.md	1347	KR1d0058_WYG_036-85a
036.md	1355	KR1d0058_WYG_036-85b
036.md	1363	KR1d0058_WYG_036-86a
036.md	1371	KR1d0058_WYG_036-86b
036.md	1379	KR1d0058_WYG_036-87a
036.md	1387	KR1d0058_WYG_036-87b
036.md	1395	KR1d0058_WYG_036-88a
036.md	1403	KR1d0058_WYG_036-88b
036.md	1411	KR1d0058_WYG_036-89a
036.md	1419	KR1d0058_WYG_036-89b
036.md	1427	KR1d0058_WYG_036-90a
036.md	1435	KR1d0058_WYG_036-90b
036.md	1443	KR1d0058_WYG_036-91a
036.md	1451	KR1d0058_WYG_036-91b
036.md	1459	KR1d0058_WYG_036-92a
036.md	1467	KR1d0058_WYG_036-92b
036.md	1475	KR1d0058_WYG_036-93a
036.md	1483	KR1d0058_WYG_036-93b
036.md	1491	KR1d0058_WYG_036-94a
036.md	1499	KR1d0058_WYG_036-94b
036.md	1507	KR1d0058_WYG_036-95a
036.md	1515	KR1d0058_WYG_036-95b
036.md	1523	KR1d0058_WYG_036-96a
036.md	1531	KR1d0058_WYG_036-96b
036.md	1539	KR1d0058_WYG_036-97a
036.md	1547	KR1d0058_WYG_036-97b
036.md	1555	KR1d0058_WYG_036-98a
036.md	1563	KR1d0058_WYG_036-98b
036.md	1571	KR1d0058_WYG_036-99a
036.md	1579	KR1d0058_WYG_036-99b
036.md	1587	KR1d0058_WYG_036-100a
036.md	1595	KR1d0058_WYG_036-100b
036.md	1603	KR1d0058_WYG_036-101a
036.md	1611	KR1d0058_WYG_036-101b
036.md	1619	KR1d0058_WYG_036-102a
036.md	1627	KR1d0058_WYG_036-102b
036.md	1635	KR1d0058_WYG_036-103a
036.md	1643	KR1d0058_WYG_036-103b
036.md	1651	KR1d0058_WYG_036-104a
036.md	1659	KR1d0058_WYG_036-104b
036.md	1667	KR1d0058_WYG_036-105a
036.md	1675	KR1d0058_WYG_036-105b
036.md	1683	KR1d0058_WYG_036-106a
036.md	1691	KR1d0058_WYG_036-106b
036.md	1699	KR1d0058_WYG_036-107a
036.md	1707	KR1d0058_WYG_036-107b
036.md	1715	KR1d0058_WYG_036-108a
036.md	1723	KR1d0058_WYG_036-108b
036.md	1731	KR1d0058_WYG_036-109a
036.md	1739	KR1d0058_WYG_036-109b
036.md	1747	KR1d0058_WYG_036-110a
036.md	1755	KR1d0058_WYG_036-110b
036.md	1763	KR1d0058_WYG_036-111a
036.md	1771	KR1d0058_WYG_036-111b
036.md	1779	KR1d0058_WYG_036-112a
036.md	1787	KR1d0058_WYG_036-112b
036.md	1795	KR1d0058_WYG_036-113a
036.md	1803	KR1d0058_WYG_036-113b
036.md	1811	KR1d0058_WYG_036-114a
036.md	1819	KR1d0058_WYG_036-114b
037.md	3	KR1d0058_WYG_000-1a
037.md	11	KR1d0058_WYG_000-1b
037.md	19	KR1d0058_WYG_000-2a
037.md	27	KR1d0058_WYG_000-2b
037.md	35	KR1d0058_WYG_000-3a
037.md	41	KR1d0058_WYG_000-4a
037.md	49	KR1d0058_WYG_000-4b
037.md	57	KR1d0058_WYG_000-5a
037.md	65	KR1d0058_WYG_000-5b
037.md	73	KR1d0058_WYG_000-6a
037.md	76	KR1d0058_WYG_000-7a
037.md	84	KR1d0058_WYG_000-7b
037.md	92	KR1d0058_WYG_000-8a
037.md	100	KR1d0058_WYG_000-8b
037.md	108	KR1d0058_WYG_000-9a
038.md	3	KR1d0058_WYG_037-1a
038.md	11	KR1d0058_WYG_037-1b
038.md	19	KR1d0058_WYG_037-2a
038.md	22	KR1d0058_WYG_037-3a
038.md	30	KR1d0058_WYG_037-3b
038.md	38	KR1d0058_WYG_037-4a
